920	504	6
-0.185623795	0.315304637	-0.16693005	0.714251816	0.752533078	1	1	0	0	0	0	0	-0.999222279	-0.039431233	1	0	0	0	-0.039431233	0.999222279
0.285319537	0.31884262	-0.256585658	0.714251816	0.752533078	1	1	0	0	0	0	0	-0.999222279	-0.039431233	1	0	0	0	-0.039431233	0.999222279
0.185623795	0.315304637	-0.16693005	0.714251816	0.752533078	1	1	0	0	0	0	0	-0.999222279	-0.039431233	1	0	0	0	-0.039431233	0.999222279
0.185623795	0.315304637	0.16693005	0.714251816	0.752533078	1	1	0	0	0	0	0	0	1	1	0	0	0	1	0
-0.185623795	0.186702102	0.16693005	0.714251816	0.752533078	1	1	0	0	0	0	0	0	1	1	0	0	0	1	0
0.185623795	0.186702102	0.16693005	0.714251816	0.752533078	1	1	0	0	0	0	0	0	1	1	0	0	0	1	0
-0.185623795	0.315304637	0.16693005	0.714251816	0.752533078	1	1	0	0	0	0	-1	0	0	1	0	0	0	0	-1
-0.185623795	0.186702102	-0.16693005	0.714251816	0.752533078	1	1	0	0	0	0	-1	0	0	1	0	0	0	0	-1
-0.185623795	0.186702102	0.16693005	0.714251816	0.752533078	1	1	0	0	0	0	-1	0	0	1	0	0	0	0	-1
0.185623795	0.186702102	-0.16693005	0.714251816	0.752533078	1	1	0	0	0	0	0	-0.399412543	-0.916771352	1	0	0	0	-0.916771352	0.399412543
-0.172384366	0.159373999	-0.155023932	0.714251816	0.752533078	1	0	0	0	0	0	0	-0.399412543	-0.916771352	1	0	0	0	-0.916771352	0.399412543
-0.185623795	0.186702102	-0.16693005	0.714251816	0.752533078	1	1	0	0	0	0	0	-0.399412543	-0.916771352	1	0	0	0	-0.916771352	0.399412543
0.185623795	0.315304637	-0.16693005	0.714251816	0.752533078	1	1	0	0	0	0	1	0	0	1	0	0	0	0	-1
0.185623795	0.186702102	0.16693005	0.714251816	0.752533078	1	1	0	0	0	0	1	0	0	1	0	0	0	0	-1
0.185623795	0.186702102	-0.16693005	0.714251816	0.752533078	1	1	0	0	0	0	1	0	0	1	0	0	0	0	-1
-0.185623795	0.315304637	-0.16693005	0.714251816	0.752533078	1	1	0	0	0	0	0	0	-1	1	0	0	0	-1	0
0.185623795	0.186702102	-0.16693005	0.714251816	0.752533078	1	1	0	0	0	0	0	0	-1	1	0	0	0	-1	0
-0.185623795	0.186702102	-0.16693005	0.714251816	0.752533078	1	1	0	0	0	0	0	0	-1	1	0	0	0	-1	0
-0.172384366	0.159373999	0.155023932	0.714251816	0.752533078	1	0	0	0	0	0	0	0	1	1	0	0	0	1	0
0.172384366	0.0792432725	0.155023932	0.714251816	0.752533078	1	0	0	0	0	0	0	0	1	1	0	0	0	1	0
0.172384366	0.159373999	0.155023932	0.714251816	0.752533078	1	0	0	0	0	0	0	0	1	1	0	0	0	1	0
-0.185623795	0.186702102	0.16693005	0.714251816	0.752533078	1	1	0	0	0	0	0	-0.399412543	0.916771352	1	0	0	0	0.916771352	0.399412543
0.172384366	0.159373999	0.155023932	0.714251816	0.752533078	1	0	0	0	0	0	0	-0.399412543	0.916771352	1	0	0	0	0.916771352	0.399412543
0.185623795	0.186702102	0.16693005	0.714251816	0.752533078	1	1	0	0	0	0	0	-0.399412543	0.916771352	1	0	0	0	0.916771352	0.399412543
-0.185623795	0.186702102	-0.16693005	0.714251816	0.752533078	1	1	0	0	0	0	-0.899950683	-0.435991913	0	0.435992062	-0.899950564	0	0	0	1
-0.172384366	0.159373999	0.155023932	0.714251816	0.752533078	1	0	0	0	0	0	-0.899950683	-0.435991913	0	0.435992062	-0.899950564	0	0	0	1
-0.185623795	0.186702102	0.16693005	0.714251816	0.752533078	1	1	0	0	0	0	-0.899950683	-0.435991913	0	0.435992062	-0.899950564	0	0	0	1
0.185623795	0.186702102	0.16693005	0.714251816	0.752533078	1	1	0	0	0	0	0.899950683	-0.435991913	0	0.435992062	0.899950564	0	0	0	1
0.172384366	0.159373999	-0.155023932	0.714251816	0.752533078	1	0	0	0	0	0	0.899950683	-0.435991913	0	0.435992062	0.899950564	0	0	0	1
0.185623795	0.186702102	-0.16693005	0.714251816	0.752533078	1	1	0	0	0	0	0.899950683	-0.435991913	0	0.435992062	0.899950564	0	0	0	1
0.172384366	0.0792432725	-0.155023932	0.714251816	0.752533078	1	0	0	0	0	0	0	-1	0	1	0	0	0	0	1
-0.172384366	0.0792432725	0.155023932	0.714251816	0.752533078	1	0	0	0	0	0	0	-1	0	1	0	0	0	0	1
-0.172384366	0.0792432725	-0.155023932	0.714251816	0.752533078	1	0	0	0	0	0	0	-1	0	1	0	0	0	0	1
-0.172384366	0.159373999	-0.155023932	0.714251816	0.752533078	1	0	0	0	0	0	-1	0	0	1	0	0	0	0	-1
-0.172384366	0.0792432725	0.155023932	0.714251816	0.752533078	1	0	0	0	0	0	-1	0	0	1	0	0	0	0	-1
-0.172384366	0.159373999	0.155023932	0.714251816	0.752533078	1	0	0	0	0	0	-1	0	0	1	0	0	0	0	-1
0.172384366	0.159373999	0.155023932	0.714251816	0.752533078	1	0	0	0	0	0	1	0	0	1	0	0	0	0	-1
0.172384366	0.0792432725	-0.155023932	0.714251816	0.752533078	1	0	0	0	0	0	1	0	0	1	0	0	0	0	-1
0.172384366	0.159373999	-0.155023932	0.714251816	0.752533078	1	0	0	0	0	0	1	0	0	1	0	0	0	0	-1
0.172384366	0.159373999	-0.155023932	0.714251816	0.752533078	1	0	0	0	0	0	0	0	-1	1	0	0	0	-1	0
-0.172384366	0.0792432725	-0.155023932	0.714251816	0.752533078	1	0	0	0	0	0	0	0	-1	1	0	0	0	-1	0
-0.172384366	0.159373999	-0.155023932	0.714251816	0.752533078	1	0	0	0	0	0	0	0	-1	1	0	0	0	-1	0
0.117074214	0.00730842352	-0.0481293388	0.714251816	0.752533078	1	5	0	0	0	0	-1	0	0	1	0	0	0	0	-1
0.117074214	0.0796974301	0.0481293388	0.714251816	0.752533078	1	5	0	0	0	0	-1	0	0	1	0	0	0	0	-1
0.117074214	0.0796974301	-0.0481293388	0.714251816	0.752533078	1	5	0	0	0	0	-1	0	0	1	0	0	0	0	-1
0.117074214	0.00730842352	0.0481293388	0.714251816	0.752533078	1	5	0	0	0	0	0	0	-1	1	0	0	0	-1	0
0.033771351	0.0796974301	0.0481293388	0.714251816	0.752533078	1	5	0	0	0	0	0	0	-1	1	0	0	0	-1	0
0.117074214	0.0796974301	0.0481293388	0.714251816	0.752533078	1	5	0	0	0	0	0	0	-1	1	0	0	0	-1	0
0.033771351	0.00730842352	0.0481293388	0.714251816	0.752533078	1	5	0	0	0	0	1	0	0	1	0	0	0	0	-1
0.033771351	0.0796974301	-0.0481293388	0.714251816	0.752533078	1	5	0	0	0	0	1	0	0	1	0	0	0	0	-1
0.033771351	0.0796974301	0.0481293388	0.714251816	0.752533078	1	5	0	0	0	0	1	0	0	1	0	0	0	0	-1
0.033771351	0.00730842352	-0.0481293388	0.714251816	0.752533078	1	5	0	0	0	0	0	0	1	1	0	0	0	1	0
0.117074214	0.0796974301	-0.0481293388	0.714251816	0.752533078	1	5	0	0	0	0	0	0	1	1	0	0	0	1	0
0.033771351	0.0796974301	-0.0481293388	0.714251816	0.752533078	1	5	0	0	0	0	0	0	1	1	0	0	0	1	0
0.033771351	0.0796974301	0.0481293388	0.714251816	0.752533078	1	5	0	0	0	0	0	-1	0	1	0	0	0	0	1
0.117074214	0.0796974301	-0.0481293388	0.714251816	0.752533078	1	5	0	0	0	0	0	-1	0	1	0	0	0	0	1
0.117074214	0.0796974301	0.0481293388	0.714251816	0.752533078	1	5	0	0	0	0	0	-1	0	1	0	0	0	0	1
0.033771351	0.00730842352	0.0481293388	0.714251816	0.752533078	1	5	0	0	0	0	0.961904347	-0.273386329	0	0.27338621	0.961904347	0	0	0	1
0.032096643	0.00141599774	-0.0500645079	0.714251816	0.752533078	1	5	0	0	0	0	0.961904347	-0.273386329	0	0.27338621	0.961904347	0	0	0	1
0.033771351	0.00730842352	-0.0481293388	0.714251816	0.752533078	1	5	0	0	0	0	0.961904347	-0.273386329	0	0.27338621	0.961904347	0	0	0	1
0.118748918	0.00141599774	0.0500645079	0.714251816	0.752533078	1	5	0	0	0	0	0	1	0	1	0	0	0	0	-1
0.032096643	0.00141599774	-0.0500645079	0.714251816	0.752533078	1	5	0	0	0	0	0	1	0	1	0	0	0	0	-1
0.032096643	0.00141599774	0.0500645079	0.714251816	0.752533078	1	5	0	0	0	0	0	1	0	1	0	0	0	0	-1
0.117074214	0.00730842352	-0.0481293388	0.714251816	0.752533078	1	5	0	0	0	0	-0.961904466	-0.273385763	0	0.273385912	-0.961904466	0	0	0	1
0.118748918	0.00141599774	0.0500645079	0.714251816	0.752533078	1	5	0	0	0	0	-0.961904466	-0.273385763	0	0.273385912	-0.961904466	0	0	0	1
0.117074214	0.00730842352	0.0481293388	0.714251816	0.752533078	1	5	0	0	0	0	-0.961904466	-0.273385763	0	0.273385912	-0.961904466	0	0	0	1
0.033771351	0.00730842352	-0.0481293388	0.714251816	0.752533078	1	5	0	0	0	0	0	-0.312020302	0.950075448	1	0	0	0	0.950075448	0.312020302
0.118748918	0.00141599774	-0.0500645079	0.714251816	0.752533078	1	5	0	0	0	0	0	-0.312020302	0.950075448	1	0	0	0	0.950075448	0.312020302
0.117074214	0.00730842352	-0.0481293388	0.714251816	0.752533078	1	5	0	0	0	0	0	-0.312020302	0.950075448	1	0	0	0	0.950075448	0.312020302
0.117074214	0.00730842352	0.0481293388	0.714251816	0.752533078	1	5	0	0	0	0	0	-0.312020332	-0.950075448	1	0	0	0	-0.950075448	0.312020332
0.032096643	0.00141599774	0.0500645079	0.714251816	0.752533078	1	5	0	0	0	0	0	-0.312020332	-0.950075448	1	0	0	0	-0.950075448	0.312020332
0.033771351	0.00730842352	0.0481293388	0.714251816	0.752533078	1	5	0	0	0	0	0	-0.312020332	-0.950075448	1	0	0	0	-0.950075448	0.312020332
0.270020306	0.416354626	-0.242827192	0.714251816	0.752533078	1	1	0	0	0	0	0.887141645	0.461497456	0	0.461497515	-0.887141526	0	0	0	-1
0.248711854	0.457316101	0.223664656	0.714251816	0.752533078	1	1	0	0	0	0	0.887141645	0.461497456	0	0.461497515	-0.887141526	0	0	0	-1
0.270020306	0.416354626	0.242827192	0.714251816	0.752533078	1	1	0	0	0	0	0.887141645	0.461497456	0	0.461497515	-0.887141526	0	0	0	-1
0.185623795	0.315304637	0.16693005	0.714251816	0.752533078	1	1	0	0	0	0	0	-0.999222279	0.039431233	1	0	0	0	0.039431233	0.999222279
-0.285319537	0.31884262	0.256585658	0.714251816	0.752533078	1	1	0	0	0	0	0	-0.999222279	0.039431233	1	0	0	0	0.039431233	0.999222279
-0.185623795	0.315304637	0.16693005	0.714251816	0.752533078	1	1	0	0	0	0	0	-0.999222279	0.039431233	1	0	0	0	0.039431233	0.999222279
-0.185623795	0.315304637	0.16693005	0.714251816	0.752533078	1	1	0	0	0	0	-0.0354654789	-0.999370933	0	0.999370873	-0.0354654752	0	0	0	1
-0.285319537	0.31884262	-0.256585658	0.714251816	0.752533078	1	1	0	0	0	0	-0.0354654789	-0.999370933	0	0.999370873	-0.0354654752	0	0	0	1
-0.185623795	0.315304637	-0.16693005	0.714251816	0.752533078	1	1	0	0	0	0	-0.0354654789	-0.999370933	0	0.999370873	-0.0354654752	0	0	0	1
0.185623795	0.315304637	-0.16693005	0.714251816	0.752533078	1	1	0	0	0	0	0.0354654789	-0.999370933	0	0.999370873	0.0354654752	0	0	0	1
0.285319537	0.31884262	0.256585658	0.714251816	0.752533078	1	1	0	0	0	0	0.0354654789	-0.999370933	0	0.999370873	0.0354654752	0	0	0	1
0.185623795	0.315304637	0.16693005	0.714251816	0.752533078	1	1	0	0	0	0	0.0354654789	-0.999370933	0	0.999370873	0.0354654752	0	0	0	1
-0.248711854	0.457316101	-0.223664656	0.714251816	0.752533078	1	1	0	0	0	0	0	0.611377597	-0.79133904	1	0	0	0	-0.79133904	-0.611377597
0.226085842	0.48365286	-0.20331724	0.714251816	0.752533078	1	1	0	0	0	0	0	0.611377597	-0.79133904	1	0	0	0	-0.79133904	-0.611377597
0.248711854	0.457316101	-0.223664656	0.714251816	0.752533078	1	1	0	0	0	0	0	0.611377597	-0.79133904	1	0	0	0	-0.79133904	-0.611377597
-0.270020306	0.416354626	0.242827192	0.714251816	0.752533078	1	1	0	0	0	0	-0.887141645	0.461497456	0	0.461497515	0.887141526	0	0	0	-1
-0.248711854	0.457316101	-0.223664656	0.714251816	0.752533078	1	1	0	0	0	0	-0.887141645	0.461497456	0	0.461497515	0.887141526	0	0	0	-1
-0.270020306	0.416354626	-0.242827192	0.714251816	0.752533078	1	1	0	0	0	0	-0.887141645	0.461497456	0	0.461497515	0.887141526	0	0	0	-1
0.270020306	0.416354626	0.242827192	0.714251816	0.752533078	1	1	0	0	0	0	0	0.423742026	0.905782938	1	0	0	0	0.905782938	-0.423742026
-0.248711854	0.457316101	0.223664656	0.714251816	0.752533078	1	1	0	0	0	0	0	0.423742026	0.905782938	1	0	0	0	0.905782938	-0.423742026
-0.270020306	0.416354626	0.242827192	0.714251816	0.752533078	1	1	0	0	0	0	0	0.423742026	0.905782938	1	0	0	0	0.905782938	-0.423742026
-0.270020306	0.416354626	-0.242827192	0.714251816	0.752533078	1	1	0	0	0	0	0	0.423742026	-0.905782938	1	0	0	0	-0.905782938	-0.423742026
0.248711854	0.457316101	-0.223664656	0.714251816	0.752533078	1	1	0	0	0	0	0	0.423742026	-0.905782938	1	0	0	0	-0.905782938	-0.423742026
0.270020306	0.416354626	-0.242827192	0.714251816	0.752533078	1	1	0	0	0	0	0	0.423742026	-0.905782938	1	0	0	0	-0.905782938	-0.423742026
-0.285319537	0.31884262	-0.256585658	0.714251816	0.752533078	1	1	0	0	0	0	0	0.0474336371	-0.998874366	1	0	0	0	-0.998874366	-0.0474336371
0.282703817	0.368377507	-0.25423339	0.714251816	0.752533078	1	1	0	0	0	0	0	0.0474336371	-0.998874366	1	0	0	0	-0.998874366	-0.0474336371
0.285319537	0.31884262	-0.256585658	0.714251816	0.752533078	1	1	0	0	0	0	0	0.0474336371	-0.998874366	1	0	0	0	-0.998874366	-0.0474336371
-0.282703847	0.368377507	-0.25423336	0.714251816	0.752533078	1	1	0	0	0	0	-5.21897405e-08	0.231295705	-0.972883523	1	1.20712631e-08	-5.07745384e-08	0	-0.972883523	-0.231295705
0.270020306	0.416354626	-0.242827192	0.714251816	0.752533078	1	1	0	0	0	0	-5.21897405e-08	0.231295705	-0.972883523	1	1.20712631e-08	-5.07745384e-08	0	-0.972883523	-0.231295705
0.282703817	0.368377507	-0.25423339	0.714251816	0.752533078	1	1	0	0	0	0	-5.21897405e-08	0.231295705	-0.972883523	1	1.20712631e-08	-5.07745384e-08	0	-0.972883523	-0.231295705
0.285319537	0.31884262	0.256585658	0.714251816	0.752533078	1	1	0	0	0	0	0	0.0474336371	0.998874366	1	0	0	0	0.998874366	-0.0474336371
-0.282703817	0.368377507	0.25423339	0.714251816	0.752533078	1	1	0	0	0	0	0	0.0474336371	0.998874366	1	0	0	0	0.998874366	-0.0474336371
-0.285319537	0.31884262	0.256585658	0.714251816	0.752533078	1	1	0	0	0	0	0	0.0474336371	0.998874366	1	0	0	0	0.998874366	-0.0474336371
0.282703847	0.368377507	0.25423336	0.714251816	0.752533078	1	1	0	0	0	0	5.21897405e-08	0.231295705	0.972883523	1	-1.20712631e-08	-5.07745384e-08	0	0.972883523	-0.231295705
-0.270020306	0.416354626	0.242827192	0.714251816	0.752533078	1	1	0	0	0	0	5.21897405e-08	0.231295705	0.972883523	1	-1.20712631e-08	-5.07745384e-08	0	0.972883523	-0.231295705
-0.282703817	0.368377507	0.25423339	0.714251816	0.752533078	1	1	0	0	0	0	5.21897405e-08	0.231295705	0.972883523	1	-1.20712631e-08	-5.07745384e-08	0	0.972883523	-0.231295705
-0.285319537	0.31884262	0.256585658	0.714251816	0.752533078	1	1	0	0	0	0	-0.998608768	0.0527315438	0	0.0527304262	0.998608768	0	0	0	-1
-0.282703847	0.368377507	-0.25423336	0.714251816	0.752533078	1	1	0	0	0	0	-0.998608768	0.0527315438	0	0.0527304262	0.998608768	0	0	0	-1
-0.285319537	0.31884262	-0.256585658	0.714251816	0.752533078	1	1	0	0	0	0	-0.998608768	0.0527315438	0	0.0527304262	0.998608768	0	0	0	-1
-0.282703817	0.368377507	0.25423339	0.714251816	0.752533078	1	1	0	0	0	0	-0.966786444	0.255585879	5.76705332e-08	0.255586088	0.966786385	2.18146184e-07	0	2.25640505e-07	-1
-0.270020306	0.416354626	-0.242827192	0.714251816	0.752533078	1	1	0	0	0	0	-0.966786444	0.255585879	5.76705332e-08	0.255586088	0.966786385	2.18146184e-07	0	2.25640505e-07	-1
-0.282703847	0.368377507	-0.25423336	0.714251816	0.752533078	1	1	0	0	0	0	-0.966786444	0.255585879	5.76705332e-08	0.255586088	0.966786385	2.18146184e-07	0	2.25640505e-07	-1
0.285319537	0.31884262	-0.256585658	0.714251816	0.752533078	1	1	0	0	0	0	0.998608768	0.0527315438	0	0.0527304262	-0.998608768	0	0	0	-1
0.282703847	0.368377507	0.25423336	0.714251816	0.752533078	1	1	0	0	0	0	0.998608768	0.0527315438	0	0.0527304262	-0.998608768	0	0	0	-1
0.285319537	0.31884262	0.256585658	0.714251816	0.752533078	1	1	0	0	0	0	0.998608768	0.0527315438	0	0.0527304262	-0.998608768	0	0	0	-1
0.282703817	0.368377507	-0.25423339	0.714251816	0.752533078	1	1	0	0	0	0	0.966786444	0.255585879	-5.76705332e-08	0.255586088	-0.966786385	2.18146184e-07	0	-2.25640505e-07	-1
0.270020306	0.416354626	0.242827192	0.714251816	0.752533078	1	1	0	0	0	0	0.966786444	0.255585879	-5.76705332e-08	0.255586088	-0.966786385	2.18146184e-07	0	-2.25640505e-07	-1
0.282703847	0.368377507	0.25423336	0.714251816	0.752533078	1	1	0	0	0	0	0.966786444	0.255585879	-5.76705332e-08	0.255586088	-0.966786385	2.18146184e-07	0	-2.25640505e-07	-1
-0.226085842	0.48365286	0.20331724	0.714251816	0.752533078	1	1	0	0	0	0	-0.0204870701	0.999790072	0	0.999790132	0.0204870719	0	0	0	-1
-0.187565029	0.484442204	-0.16867578	0.714251816	0.752533078	1	1	0	0	0	0	-0.0204870701	0.999790072	0	0.999790132	0.0204870719	0	0	0	-1
-0.226085842	0.48365286	-0.20331724	0.714251816	0.752533078	1	1	0	0	0	0	-0.0204870701	0.999790072	0	0.999790132	0.0204870719	0	0	0	-1
0.248711854	0.457316101	-0.223664656	0.714251816	0.752533078	1	1	0	0	0	0	0.75852114	0.651648462	0	0.651648402	-0.75852114	0	0	0	-1
0.226085842	0.48365286	0.20331724	0.714251816	0.752533078	1	1	0	0	0	0	0.75852114	0.651648462	0	0.651648402	-0.75852114	0	0	0	-1
0.248711854	0.457316101	0.223664656	0.714251816	0.752533078	1	1	0	0	0	0	0.75852114	0.651648462	0	0.651648402	-0.75852114	0	0	0	-1
-0.248711854	0.457316101	0.223664656	0.714251816	0.752533078	1	1	0	0	0	0	-0.75852114	0.651648462	0	0.651648402	0.75852114	0	0	0	-1
-0.226085842	0.48365286	-0.20331724	0.714251816	0.752533078	1	1	0	0	0	0	-0.75852114	0.651648462	0	0.651648402	0.75852114	0	0	0	-1
-0.248711854	0.457316101	-0.223664656	0.714251816	0.752533078	1	1	0	0	0	0	-0.75852114	0.651648462	0	0.651648402	0.75852114	0	0	0	-1
0.248711854	0.457316101	0.223664656	0.714251816	0.752533078	1	1	0	0	0	0	0	0.611377597	0.79133904	1	0	0	0	0.79133904	-0.611377597
-0.226085842	0.48365286	0.20331724	0.714251816	0.752533078	1	1	0	0	0	0	0	0.611377597	0.79133904	1	0	0	0	0.79133904	-0.611377597
-0.248711854	0.457316101	0.223664656	0.714251816	0.752533078	1	1	0	0	0	0	0	0.611377597	0.79133904	1	0	0	0	0.79133904	-0.611377597
-0.184215233	0.504308879	-0.165663347	0.714251816	0.752533078	1	1	0	0	0	0	0	0.496531099	-0.868018866	1	0	0	0	-0.868018866	-0.496531099
0.178211153	0.51374799	-0.160263911	0.714251816	0.752533078	1	1	0	0	0	0	0	0.496531099	-0.868018866	1	0	0	0	-0.868018866	-0.496531099
0.184215263	0.504308879	-0.165663347	0.714251816	0.752533078	1	1	0	0	0	0	0	0.496531099	-0.868018866	1	0	0	0	-0.868018866	-0.496531099
0.226085842	0.48365286	0.20331724	0.714251816	0.752533078	1	1	0	0	0	0	0	0.999740481	0.0227802042	1	0	0	0	0.0227802042	-0.999740481
-0.187565029	0.484442204	0.16867578	0.714251816	0.752533078	1	1	0	0	0	0	0	0.999740481	0.0227802042	1	0	0	0	0.0227802042	-0.999740481
-0.226085842	0.48365286	0.20331724	0.714251816	0.752533078	1	1	0	0	0	0	0	0.999740481	0.0227802042	1	0	0	0	0.0227802042	-0.999740481
-0.226085842	0.48365286	-0.20331724	0.714251816	0.752533078	1	1	0	0	0	0	0	0.999740481	-0.0227802042	1	0	0	0	-0.0227802042	-0.999740481
0.187565029	0.484442204	-0.16867578	0.714251816	0.752533078	1	1	0	0	0	0	0	0.999740481	-0.0227802042	1	0	0	0	-0.0227802042	-0.999740481
0.226085842	0.48365286	-0.20331724	0.714251816	0.752533078	1	1	0	0	0	0	0	0.999740481	-0.0227802042	1	0	0	0	-0.0227802042	-0.999740481
0.226085842	0.48365286	-0.20331724	0.714251816	0.752533078	1	1	0	0	0	0	0.0204870701	0.999790072	0	0.999790132	-0.0204870719	0	0	0	-1
0.187565029	0.484442204	0.16867578	0.714251816	0.752533078	1	1	0	0	0	0	0.0204870701	0.999790072	0	0.999790132	-0.0204870719	0	0	0	-1
0.226085842	0.48365286	0.20331724	0.714251816	0.752533078	1	1	0	0	0	0	0.0204870701	0.999790072	0	0.999790132	-0.0204870719	0	0	0	-1
-0.178211153	0.51374799	-0.160263911	0.714251816	0.752533078	1	1	0	0	0	0	0	1	0	1	0	0	0	0	-1
0.178211153	0.51374799	0.160263911	0.714251816	0.752533078	1	1	0	0	0	0	0	1	0	1	0	0	0	0	-1
0.178211153	0.51374799	-0.160263911	0.714251816	0.752533078	1	1	0	0	0	0	0	1	0	1	0	0	0	0	-1
0.184215263	0.504308879	-0.165663347	0.714251816	0.752533078	1	1	0	0	0	0	0.84376663	0.536710262	0	0.536710203	-0.84376663	0	0	0	-1
0.178211153	0.51374799	0.160263911	0.714251816	0.752533078	1	1	0	0	0	0	0.84376663	0.536710262	0	0.536710203	-0.84376663	0	0	0	-1
0.184215263	0.504308879	0.165663347	0.714251816	0.752533078	1	1	0	0	0	0	0.84376663	0.536710262	0	0.536710203	-0.84376663	0	0	0	-1
-0.184215233	0.504308879	0.165663347	0.714251816	0.752533078	1	1	0	0	0	0	-0.843767822	0.536708355	0	0.536708355	0.843767881	0	0	0	-1
-0.178211153	0.51374799	-0.160263911	0.714251816	0.752533078	1	1	0	0	0	0	-0.843767822	0.536708355	0	0.536708355	0.843767881	0	0	0	-1
-0.184215233	0.504308879	-0.165663347	0.714251816	0.752533078	1	1	0	0	0	0	-0.843767822	0.536708355	0	0.536708355	0.843767881	0	0	0	-1
0.184215263	0.504308879	0.165663347	0.714251816	0.752533078	1	1	0	0	0	0	0	0.496531099	0.868018866	1	0	0	0	0.868018866	-0.496531099
-0.178211153	0.51374799	0.160263911	0.714251816	0.752533078	1	1	0	0	0	0	0	0.496531099	0.868018866	1	0	0	0	0.868018866	-0.496531099
-0.184215233	0.504308879	0.165663347	0.714251816	0.752533078	1	1	0	0	0	0	0	0.496531099	0.868018866	1	0	0	0	0.868018866	-0.496531099
0.187565029	0.484442204	0.16867578	0.714251816	0.752533078	1	1	0	0	0	0	0	0.0163575057	0.999866188	1	0	0	0	0.999866188	-0.0163575057
-0.187384218	0.494380444	0.168513194	0.714251816	0.752533078	1	1	0	0	0	0	0	0.0163575057	0.999866188	1	0	0	0	0.999866188	-0.0163575057
-0.187565029	0.484442204	0.16867578	0.714251816	0.752533078	1	1	0	0	0	0	0	0.0163575057	0.999866188	1	0	0	0	0.999866188	-0.0163575057
0.187384218	0.494380444	0.168513194	0.714251816	0.752533078	1	1	0	0	0	0	0	0.275898039	0.961186945	1	0	0	0	0.961186945	-0.275898039
-0.184215233	0.504308879	0.165663347	0.714251816	0.752533078	1	1	0	0	0	0	0	0.275898039	0.961186945	1	0	0	0	0.961186945	-0.275898039
-0.187384218	0.494380444	0.168513194	0.714251816	0.752533078	1	1	0	0	0	0	0	0.275898039	0.961186945	1	0	0	0	0.961186945	-0.275898039
-0.187565029	0.484442204	0.16867578	0.714251816	0.752533078	1	1	0	0	0	0	-0.999834538	0.0181904212	0	0.018192267	0.999834538	0	0	0	-1
-0.187384218	0.494380444	-0.168513194	0.714251816	0.752533078	1	1	0	0	0	0	-0.999834538	0.0181904212	0	0.018192267	0.999834538	0	0	0	-1
-0.187565029	0.484442204	-0.16867578	0.714251816	0.752533078	1	1	0	0	0	0	-0.999834538	0.0181904212	0	0.018192267	0.999834538	0	0	0	-1
-0.187384218	0.494380444	-0.168513194	0.714251816	0.752533078	1	1	0	0	0	0	-0.952649891	0.30406937	0	0.3040694	0.952649891	0	0	0	-1
-0.184215233	0.504308879	0.165663347	0.714251816	0.752533078	1	1	0	0	0	0	-0.952649891	0.30406937	0	0.3040694	0.952649891	0	0	0	-1
-0.184215233	0.504308879	-0.165663347	0.714251816	0.752533078	1	1	0	0	0	0	-0.952649891	0.30406937	0	0.3040694	0.952649891	0	0	0	-1
0.187565029	0.484442204	-0.16867578	0.714251816	0.752533078	1	1	0	0	0	0	0.999834538	0.0181904212	0	0.018192267	-0.999834538	0	0	0	-1
0.187384218	0.494380444	0.168513194	0.714251816	0.752533078	1	1	0	0	0	0	0.999834538	0.0181904212	0	0.018192267	-0.999834538	0	0	0	-1
0.187565029	0.484442204	0.16867578	0.714251816	0.752533078	1	1	0	0	0	0	0.999834538	0.0181904212	0	0.018192267	-0.999834538	0	0	0	-1
0.187384218	0.494380444	-0.168513194	0.714251816	0.752533078	1	1	0	0	0	0	0.952650726	0.304066807	0	0.304066688	-0.952650785	0	0	0	-1
0.184215263	0.504308879	0.165663347	0.714251816	0.752533078	1	1	0	0	0	0	0.952650726	0.304066807	0	0.304066688	-0.952650785	0	0	0	-1
0.187384218	0.494380444	0.168513194	0.714251816	0.752533078	1	1	0	0	0	0	0.952650726	0.304066807	0	0.304066688	-0.952650785	0	0	0	-1
-0.187565029	0.484442204	-0.16867578	0.714251816	0.752533078	1	1	0	0	0	0	0	0.0163575057	-0.999866188	1	0	0	0	-0.999866188	-0.0163575057
0.187384218	0.494380444	-0.168513194	0.714251816	0.752533078	1	1	0	0	0	0	0	0.0163575057	-0.999866188	1	0	0	0	-0.999866188	-0.0163575057
0.187565029	0.484442204	-0.16867578	0.714251816	0.752533078	1	1	0	0	0	0	0	0.0163575057	-0.999866188	1	0	0	0	-0.999866188	-0.0163575057
0.187384218	0.494380444	-0.168513194	0.714251816	0.752533078	1	1	0	0	0	0	0	0.275898039	-0.961186886	1	0	0	0	-0.961186886	-0.275898039
-0.184215233	0.504308879	-0.165663347	0.714251816	0.752533078	1	1	0	0	0	0	0	0.275898039	-0.961186886	1	0	0	0	-0.961186886	-0.275898039
0.184215263	0.504308879	-0.165663347	0.714251816	0.752533078	1	1	0	0	0	0	0	0.275898039	-0.961186886	1	0	0	0	-0.961186886	-0.275898039
-0.285319537	0.31884262	-0.256585658	0.714251816	0.752533078	1	1	0	0	0	0	0	-0.999222279	-0.0394312292	1	0	0	0	-0.0394312292	0.999222279
0.185623795	0.315304637	-0.16693005	0.714251816	0.752533078	1	1	0	0	0	0	0	-0.999222279	-0.0394312292	1	0	0	0	-0.0394312292	0.999222279
-0.185623795	0.315304637	-0.16693005	0.714251816	0.752533078	1	1	0	0	0	0	0	-0.999222279	-0.0394312292	1	0	0	0	-0.0394312292	0.999222279
-0.185623795	0.315304637	0.16693005	0.714251816	0.752533078	1	1	0	0	0	0	0	0	1	1	0	0	0	1	0
0.185623795	0.315304637	0.16693005	0.714251816	0.752533078	1	1	0	0	0	0	1	0	0	1	0	0	0	0	-1
0.172384366	0.159373999	-0.155023932	0.714251816	0.752533078	1	0	0	0	0	0	0	-0.399412543	-0.916771352	1	0	0	0	-0.916771352	0.399412543
-0.185623795	0.315304637	-0.16693005	0.714251816	0.752533078	1	1	0	0	0	0	-1	0	0	1	0	0	0	0	-1
0.185623795	0.315304637	-0.16693005	0.714251816	0.752533078	1	1	0	0	0	0	0	0	-1	1	0	0	0	-1	0
-0.172384366	0.0792432725	0.155023932	0.714251816	0.752533078	1	0	0	0	0	0	0	0	1	1	0	0	0	1	0
-0.172384366	0.159373999	0.155023932	0.714251816	0.752533078	1	0	0	0	0	0	0	-0.399412543	0.916771352	1	0	0	0	0.916771352	0.399412543
0.172384366	0.159373999	0.155023932	0.714251816	0.752533078	1	0	0	0	0	0	0.899950564	-0.435991913	0	0.435991973	0.899950504	0	0	0	1
0.185623795	0.186702102	-0.16693005	0.714251816	0.752533078	1	1	0	0	0	0	0.899950564	-0.435991913	0	0.435991973	0.899950504	0	0	0	1
0.185623795	0.186702102	0.16693005	0.714251816	0.752533078	1	1	0	0	0	0	0.899950564	-0.435991913	0	0.435991973	0.899950504	0	0	0	1
-0.172384366	0.159373999	-0.155023932	0.714251816	0.752533078	1	0	0	0	0	0	-0.899950564	-0.435991913	0	0.435991973	-0.899950504	0	0	0	1
-0.185623795	0.186702102	0.16693005	0.714251816	0.752533078	1	1	0	0	0	0	-0.899950564	-0.435991913	0	0.435991973	-0.899950504	0	0	0	1
-0.185623795	0.186702102	-0.16693005	0.714251816	0.752533078	1	1	0	0	0	0	-0.899950564	-0.435991913	0	0.435991973	-0.899950504	0	0	0	1
0.172384366	0.0792432725	0.155023932	0.714251816	0.752533078	1	0	0	0	0	0	0	-1	0	1	0	0	0	0	1
0.172384366	0.0792432725	0.155023932	0.714251816	0.752533078	1	0	0	0	0	0	1	0	0	1	0	0	0	0	-1
-0.172384366	0.0792432725	-0.155023932	0.714251816	0.752533078	1	0	0	0	0	0	-1	0	0	1	0	0	0	0	-1
0.172384366	0.0792432725	-0.155023932	0.714251816	0.752533078	1	0	0	0	0	0	0	0	-1	1	0	0	0	-1	0
-0.117074214	0.0796974301	0.0481293388	0.714251816	0.752533078	1	4	0	0	0	0	1	0	0	1	0	0	0	0	-1
-0.117074214	0.00730842352	-0.0481293388	0.714251816	0.752533078	1	4	0	0	0	0	1	0	0	1	0	0	0	0	-1
-0.117074214	0.0796974301	-0.0481293388	0.714251816	0.752533078	1	4	0	0	0	0	1	0	0	1	0	0	0	0	-1
-0.033771351	0.0796974301	0.0481293388	0.714251816	0.752533078	1	4	0	0	0	0	0	0	-1	1	0	0	0	-1	0
-0.117074214	0.00730842352	0.0481293388	0.714251816	0.752533078	1	4	0	0	0	0	0	0	-1	1	0	0	0	-1	0
-0.117074214	0.0796974301	0.0481293388	0.714251816	0.752533078	1	4	0	0	0	0	0	0	-1	1	0	0	0	-1	0
-0.033771351	0.0796974301	-0.0481293388	0.714251816	0.752533078	1	4	0	0	0	0	-1	0	0	1	0	0	0	0	-1
-0.033771351	0.00730842352	0.0481293388	0.714251816	0.752533078	1	4	0	0	0	0	-1	0	0	1	0	0	0	0	-1
-0.033771351	0.0796974301	0.0481293388	0.714251816	0.752533078	1	4	0	0	0	0	-1	0	0	1	0	0	0	0	-1
-0.117074214	0.0796974301	-0.0481293388	0.714251816	0.752533078	1	4	0	0	0	0	0	0	1	1	0	0	0	1	0
-0.033771351	0.00730842352	-0.0481293388	0.714251816	0.752533078	1	4	0	0	0	0	0	0	1	1	0	0	0	1	0
-0.033771351	0.0796974301	-0.0481293388	0.714251816	0.752533078	1	4	0	0	0	0	0	0	1	1	0	0	0	1	0
-0.117074214	0.0796974301	-0.0481293388	0.714251816	0.752533078	1	4	0	0	0	0	0	-1	0	1	0	0	0	0	1
-0.033771351	0.0796974301	0.0481293388	0.714251816	0.752533078	1	4	0	0	0	0	0	-1	0	1	0	0	0	0	1
-0.117074214	0.0796974301	0.0481293388	0.714251816	0.752533078	1	4	0	0	0	0	0	-1	0	1	0	0	0	0	1
-0.032096643	0.00141599774	-0.0500645079	0.714251816	0.752533078	1	4	0	0	0	0	-0.961904347	-0.273386359	0	0.27338621	-0.961904407	0	0	0	1
-0.033771351	0.00730842352	0.0481293388	0.714251816	0.752533078	1	4	0	0	0	0	-0.961904347	-0.273386359	0	0.27338621	-0.961904407	0	0	0	1
-0.033771351	0.00730842352	-0.0481293388	0.714251816	0.752533078	1	4	0	0	0	0	-0.961904347	-0.273386359	0	0.27338621	-0.961904407	0	0	0	1
-0.032096643	0.00141599774	-0.0500645079	0.714251816	0.752533078	1	4	0	0	0	0	0	1	0	1	0	0	0	0	-1
-0.118748918	0.00141599774	0.0500645079	0.714251816	0.752533078	1	4	0	0	0	0	0	1	0	1	0	0	0	0	-1
-0.032096643	0.00141599774	0.0500645079	0.714251816	0.752533078	1	4	0	0	0	0	0	1	0	1	0	0	0	0	-1
-0.118748918	0.00141599774	0.0500645079	0.714251816	0.752533078	1	4	0	0	0	0	0.961904466	-0.273385793	0	0.273385882	0.961904466	0	0	0	1
-0.117074214	0.00730842352	-0.0481293388	0.714251816	0.752533078	1	4	0	0	0	0	0.961904466	-0.273385793	0	0.273385882	0.961904466	0	0	0	1
-0.117074214	0.00730842352	0.0481293388	0.714251816	0.752533078	1	4	0	0	0	0	0.961904466	-0.273385793	0	0.273385882	0.961904466	0	0	0	1
-0.118748918	0.00141599774	-0.0500645079	0.714251816	0.752533078	1	4	0	0	0	0	0	-0.312020332	0.950075448	1	0	0	0	0.950075448	0.312020332
-0.033771351	0.00730842352	-0.0481293388	0.714251816	0.752533078	1	4	0	0	0	0	0	-0.312020332	0.950075448	1	0	0	0	0.950075448	0.312020332
-0.117074214	0.00730842352	-0.0481293388	0.714251816	0.752533078	1	4	0	0	0	0	0	-0.312020332	0.950075448	1	0	0	0	0.950075448	0.312020332
-0.032096643	0.00141599774	0.0500645079	0.714251816	0.752533078	1	4	0	0	0	0	0	-0.312020332	-0.950075448	1	0	0	0	-0.950075448	0.312020332
-0.117074214	0.00730842352	0.0481293388	0.714251816	0.752533078	1	4	0	0	0	0	0	-0.312020332	-0.950075448	1	0	0	0	-0.950075448	0.312020332
-0.033771351	0.00730842352	0.0481293388	0.714251816	0.752533078	1	4	0	0	0	0	0	-0.312020332	-0.950075448	1	0	0	0	-0.950075448	0.312020332
-0.248711854	0.457316101	0.223664656	0.714251816	0.752533078	1	1	0	0	0	0	-0.887141645	0.461497456	0	0.461497515	0.887141526	0	0	0	-1
0.285319537	0.31884262	0.256585658	0.714251816	0.752533078	1	1	0	0	0	0	0	-0.999222279	0.0394312292	1	0	0	0	0.0394312292	0.999222279
-0.185623795	0.315304637	0.16693005	0.714251816	0.752533078	1	1	0	0	0	0	0	-0.999222279	0.0394312292	1	0	0	0	0.0394312292	0.999222279
0.185623795	0.315304637	0.16693005	0.714251816	0.752533078	1	1	0	0	0	0	0	-0.999222279	0.0394312292	1	0	0	0	0.0394312292	0.999222279
0.285319537	0.31884262	-0.256585658	0.714251816	0.752533078	1	1	0	0	0	0	0.0354654789	-0.999370933	0	0.999370873	0.0354654752	0	0	0	1
-0.285319537	0.31884262	0.256585658	0.714251816	0.752533078	1	1	0	0	0	0	-0.0354654789	-0.999370933	0	0.999370873	-0.0354654752	0	0	0	1
-0.226085842	0.48365286	-0.20331724	0.714251816	0.752533078	1	1	0	0	0	0	0	0.611377597	-0.79133898	1	0	0	0	-0.79133898	-0.611377597
0.248711854	0.457316101	-0.223664656	0.714251816	0.752533078	1	1	0	0	0	0	0	0.611377597	-0.79133898	1	0	0	0	-0.79133898	-0.611377597
-0.248711854	0.457316101	-0.223664656	0.714251816	0.752533078	1	1	0	0	0	0	0	0.611377597	-0.79133898	1	0	0	0	-0.79133898	-0.611377597
0.248711854	0.457316101	-0.223664656	0.714251816	0.752533078	1	1	0	0	0	0	0.887141645	0.461497456	0	0.461497515	-0.887141526	0	0	0	-1
-0.282703817	0.368377507	-0.25423339	0.714251816	0.752533078	1	1	0	0	0	0	0	0.0474336371	-0.998874366	1	0	0	0	-0.998874366	-0.0474336371
-0.270020306	0.416354626	-0.242827192	0.714251816	0.752533078	1	1	0	0	0	0	5.12801499e-08	0.23129569	-0.972883523	1	-1.18608776e-08	4.98896142e-08	0	-0.972883523	-0.23129569
0.282703847	0.368377507	-0.25423336	0.714251816	0.752533078	1	1	0	0	0	0	5.12801499e-08	0.23129569	-0.972883523	1	-1.18608776e-08	4.98896142e-08	0	-0.972883523	-0.23129569
-0.282703817	0.368377507	-0.25423339	0.714251816	0.752533078	1	1	0	0	0	0	5.12801499e-08	0.23129569	-0.972883523	1	-1.18608776e-08	4.98896142e-08	0	-0.972883523	-0.23129569
0.282703817	0.368377507	0.25423339	0.714251816	0.752533078	1	1	0	0	0	0	0	0.0474336371	0.998874366	1	0	0	0	0.998874366	-0.0474336371
0.270020306	0.416354626	0.242827192	0.714251816	0.752533078	1	1	0	0	0	0	-5.12801499e-08	0.23129569	0.972883523	1	1.18608776e-08	4.98896142e-08	0	0.972883523	-0.23129569
-0.282703847	0.368377507	0.25423336	0.714251816	0.752533078	1	1	0	0	0	0	-5.12801499e-08	0.23129569	0.972883523	1	1.18608776e-08	4.98896142e-08	0	0.972883523	-0.23129569
0.282703817	0.368377507	0.25423339	0.714251816	0.752533078	1	1	0	0	0	0	-5.12801499e-08	0.23129569	0.972883523	1	1.18608776e-08	4.98896142e-08	0	0.972883523	-0.23129569
0.282703847	0.368377507	-0.25423336	0.714251816	0.752533078	1	1	0	0	0	0	0.998608768	0.0527315438	0	0.0527304262	-0.998608768	0	0	0	-1
0.282703847	0.368377507	-0.25423336	0.714251816	0.752533078	1	1	0	0	0	0	0.966786504	0.255585343	5.76705403e-08	0.255585194	-0.966786504	-2.18146695e-07	0	2.25641017e-07	-1
0.270020306	0.416354626	0.242827192	0.714251816	0.752533078	1	1	0	0	0	0	0.966786504	0.255585343	5.76705403e-08	0.255585194	-0.966786504	-2.18146695e-07	0	2.25641017e-07	-1
0.282703817	0.368377507	0.25423339	0.714251816	0.752533078	1	1	0	0	0	0	0.966786504	0.255585343	5.76705403e-08	0.255585194	-0.966786504	-2.18146695e-07	0	2.25641017e-07	-1
-0.282703847	0.368377507	0.25423336	0.714251816	0.752533078	1	1	0	0	0	0	-0.998608768	0.0527315438	0	0.0527304262	0.998608768	0	0	0	-1
-0.282703847	0.368377507	0.25423336	0.714251816	0.752533078	1	1	0	0	0	0	-0.966786504	0.255585343	-5.76705403e-08	0.255585194	0.966786504	-2.18146695e-07	0	-2.25641017e-07	-1
-0.270020306	0.416354626	-0.242827192	0.714251816	0.752533078	1	1	0	0	0	0	-0.966786504	0.255585343	-5.76705403e-08	0.255585194	0.966786504	-2.18146695e-07	0	-2.25641017e-07	-1
-0.282703817	0.368377507	-0.25423339	0.714251816	0.752533078	1	1	0	0	0	0	-0.966786504	0.255585343	-5.76705403e-08	0.255585194	0.966786504	-2.18146695e-07	0	-2.25641017e-07	-1
0.187565029	0.484442204	-0.16867578	0.714251816	0.752533078	1	1	0	0	0	0	0.0204870719	0.999790072	0	0.999790132	-0.0204870738	0	0	0	-1
0.226085842	0.48365286	0.20331724	0.714251816	0.752533078	1	1	0	0	0	0	0.0204870719	0.999790072	0	0.999790132	-0.0204870738	0	0	0	-1
0.226085842	0.48365286	-0.20331724	0.714251816	0.752533078	1	1	0	0	0	0	0.0204870719	0.999790072	0	0.999790132	-0.0204870738	0	0	0	-1
-0.226085842	0.48365286	0.20331724	0.714251816	0.752533078	1	1	0	0	0	0	-0.75852114	0.651648462	0	0.651648402	0.75852114	0	0	0	-1
0.226085842	0.48365286	-0.20331724	0.714251816	0.752533078	1	1	0	0	0	0	0.75852114	0.651648462	0	0.651648402	-0.75852114	0	0	0	-1
0.226085842	0.48365286	0.20331724	0.714251816	0.752533078	1	1	0	0	0	0	0	0.611377597	0.79133898	1	0	0	0	0.79133898	-0.611377597
-0.248711854	0.457316101	0.223664656	0.714251816	0.752533078	1	1	0	0	0	0	0	0.611377597	0.79133898	1	0	0	0	0.79133898	-0.611377597
0.248711854	0.457316101	0.223664656	0.714251816	0.752533078	1	1	0	0	0	0	0	0.611377597	0.79133898	1	0	0	0	0.79133898	-0.611377597
-0.178211153	0.51374799	-0.160263911	0.714251816	0.752533078	1	1	0	0	0	0	0	0.496531159	-0.868018925	1	0	0	0	-0.868018925	-0.496531159
0.184215233	0.504308879	-0.165663347	0.714251816	0.752533078	1	1	0	0	0	0	0	0.496531159	-0.868018925	1	0	0	0	-0.868018925	-0.496531159
-0.184215263	0.504308879	-0.165663347	0.714251816	0.752533078	1	1	0	0	0	0	0	0.496531159	-0.868018925	1	0	0	0	-0.868018925	-0.496531159
0.187565029	0.484442204	0.16867578	0.714251816	0.752533078	1	1	0	0	0	0	0	0.999740481	0.0227802023	1	0	0	0	0.0227802023	-0.999740481
-0.226085842	0.48365286	0.20331724	0.714251816	0.752533078	1	1	0	0	0	0	0	0.999740481	0.0227802023	1	0	0	0	0.0227802023	-0.999740481
0.226085842	0.48365286	0.20331724	0.714251816	0.752533078	1	1	0	0	0	0	0	0.999740481	0.0227802023	1	0	0	0	0.0227802023	-0.999740481
-0.187565029	0.484442204	-0.16867578	0.714251816	0.752533078	1	1	0	0	0	0	0	0.999740481	-0.0227802023	1	0	0	0	-0.0227802023	-0.999740481
0.226085842	0.48365286	-0.20331724	0.714251816	0.752533078	1	1	0	0	0	0	0	0.999740481	-0.0227802023	1	0	0	0	-0.0227802023	-0.999740481
-0.226085842	0.48365286	-0.20331724	0.714251816	0.752533078	1	1	0	0	0	0	0	0.999740481	-0.0227802023	1	0	0	0	-0.0227802023	-0.999740481
-0.187565029	0.484442204	0.16867578	0.714251816	0.752533078	1	1	0	0	0	0	-0.0204870719	0.999790072	0	0.999790132	0.0204870738	0	0	0	-1
-0.226085842	0.48365286	-0.20331724	0.714251816	0.752533078	1	1	0	0	0	0	-0.0204870719	0.999790072	0	0.999790132	0.0204870738	0	0	0	-1
-0.226085842	0.48365286	0.20331724	0.714251816	0.752533078	1	1	0	0	0	0	-0.0204870719	0.999790072	0	0.999790132	0.0204870738	0	0	0	-1
-0.178211153	0.51374799	0.160263911	0.714251816	0.752533078	1	1	0	0	0	0	0	1	0	1	0	0	0	0	-1
-0.178211153	0.51374799	0.160263911	0.714251816	0.752533078	1	1	0	0	0	0	-0.84376663	0.536710262	0	0.536710203	0.84376663	0	0	0	-1
-0.184215263	0.504308879	-0.165663347	0.714251816	0.752533078	1	1	0	0	0	0	-0.84376663	0.536710262	0	0.536710203	0.84376663	0	0	0	-1
-0.184215263	0.504308879	0.165663347	0.714251816	0.752533078	1	1	0	0	0	0	-0.84376663	0.536710262	0	0.536710203	0.84376663	0	0	0	-1
0.178211153	0.51374799	-0.160263911	0.714251816	0.752533078	1	1	0	0	0	0	0.843767822	0.536708355	0	0.536708355	-0.843767881	0	0	0	-1
0.184215233	0.504308879	0.165663347	0.714251816	0.752533078	1	1	0	0	0	0	0.843767822	0.536708355	0	0.536708355	-0.843767881	0	0	0	-1
0.184215233	0.504308879	-0.165663347	0.714251816	0.752533078	1	1	0	0	0	0	0.843767822	0.536708355	0	0.536708355	-0.843767881	0	0	0	-1
0.178211153	0.51374799	0.160263911	0.714251816	0.752533078	1	1	0	0	0	0	0	0.496531159	0.868018925	1	0	0	0	0.868018925	-0.496531159
-0.184215263	0.504308879	0.165663347	0.714251816	0.752533078	1	1	0	0	0	0	0	0.496531159	0.868018925	1	0	0	0	0.868018925	-0.496531159
0.184215233	0.504308879	0.165663347	0.714251816	0.752533078	1	1	0	0	0	0	0	0.496531159	0.868018925	1	0	0	0	0.868018925	-0.496531159
0.187384218	0.494380444	0.168513194	0.714251816	0.752533078	1	1	0	0	0	0	0	0.0163575057	0.999866188	1	0	0	0	0.999866188	-0.0163575057
0.184215233	0.504308879	0.165663347	0.714251816	0.752533078	1	1	0	0	0	0	0	0.27589801	0.961186945	1	0	0	0	0.961186945	-0.27589801
-0.187384218	0.494380444	0.168513194	0.714251816	0.752533078	1	1	0	0	0	0	0	0.27589801	0.961186945	1	0	0	0	0.961186945	-0.27589801
0.187384218	0.494380444	0.168513194	0.714251816	0.752533078	1	1	0	0	0	0	0	0.27589801	0.961186945	1	0	0	0	0.961186945	-0.27589801
0.187384218	0.494380444	-0.168513194	0.714251816	0.752533078	1	1	0	0	0	0	0.999834538	0.0181904212	0	0.018192267	-0.999834538	0	0	0	-1
0.184215233	0.504308879	-0.165663347	0.714251816	0.752533078	1	1	0	0	0	0	0.952649951	0.30406943	0	0.304069757	-0.952649832	0	0	0	-1
0.187384218	0.494380444	0.168513194	0.714251816	0.752533078	1	1	0	0	0	0	0.952649951	0.30406943	0	0.304069757	-0.952649832	0	0	0	-1
0.187384218	0.494380444	-0.168513194	0.714251816	0.752533078	1	1	0	0	0	0	0.952649951	0.30406943	0	0.304069757	-0.952649832	0	0	0	-1
-0.187384218	0.494380444	0.168513194	0.714251816	0.752533078	1	1	0	0	0	0	-0.999834538	0.0181904212	0	0.018192267	0.999834538	0	0	0	-1
-0.184215263	0.504308879	0.165663347	0.714251816	0.752533078	1	1	0	0	0	0	-0.952650726	0.304066807	0	0.304066688	0.952650785	0	0	0	-1
-0.187384218	0.494380444	-0.168513194	0.714251816	0.752533078	1	1	0	0	0	0	-0.952650726	0.304066807	0	0.304066688	0.952650785	0	0	0	-1
-0.187384218	0.494380444	0.168513194	0.714251816	0.752533078	1	1	0	0	0	0	-0.952650726	0.304066807	0	0.304066688	0.952650785	0	0	0	-1
-0.187384218	0.494380444	-0.168513194	0.714251816	0.752533078	1	1	0	0	0	0	0	0.0163575057	-0.999866188	1	0	0	0	-0.999866188	-0.0163575057
-0.187384218	0.494380444	-0.168513194	0.714251816	0.752533078	1	1	0	0	0	0	0	0.275898039	-0.961186945	1	0	0	0	-0.961186945	-0.275898039
0.184215233	0.504308879	-0.165663347	0.714251816	0.752533078	1	1	0	0	0	0	0	0.275898039	-0.961186945	1	0	0	0	-0.961186945	-0.275898039
0.187384218	0.494380444	-0.168513194	0.714251816	0.752533078	1	1	0	0	0	0	0	0.275898039	-0.961186945	1	0	0	0	-0.961186945	-0.275898039
0.147267938	0.0906964839	0.0389262959	0.835239828	0.486626059	1	3	0	0	0	0	-0.348417073	-0.937339664	0	-0.684613585	0.254476666	0.683041692	-0.640241981	0.237983361	-0.730379403
0.227470919	0.0608843565	-0.0389262959	0.754781187	0.485527605	1	3	0	0	0	0	-0.348417073	-0.937339664	0	-0.684613585	0.254476666	0.683041632	-0.64024204	0.237983361	-0.730379462
0.227470919	0.0608843565	0.0389262959	0.791174591	0.446049988	1	3	0	0	0	0	-0.348417073	-0.937339664	0	-0.684613585	0.254476666	0.683041632	-0.64024204	0.237983361	-0.730379462
0.227470919	0.0608843565	-0.0389262959	0.752533913	0.56018734	1	3	0	0	0	0	0	0	-1	-0.522018671	0.852934062	0	0.852934062	0.522018671	0
0.171698436	0.156421334	-0.0389262959	0.830401003	0.561782658	1	3	0	0	0	0	0	0	-1	-0.522018671	0.852934062	0	0.852934062	0.522018671	0
0.251901418	0.126609176	-0.0389262959	0.781521738	0.598407924	1	3	0	0	0	0	0	0	-1	-0.522018671	0.852934003	0	0.852934003	0.522018671	0
0.171698436	0.156421334	-0.0389262959	0.830401003	0.561782658	1	3	0	0	0	0	0.348417372	0.937339544	0	0.685860872	-0.25494054	0.681615949	0.638905525	-0.237486809	-0.731710136
0.251901418	0.126609176	0.0389262959	0.91154629	0.562724471	1	3	0	0	0	0	0.348417372	0.937339544	0	0.685860872	-0.25494054	0.681615949	0.638905525	-0.237486809	-0.731710136
0.251901418	0.126609176	-0.0389262959	0.874966562	0.602272689	1	3	0	0	0	0	0.348417372	0.937339544	0	0.685860813	-0.25494051	0.681615949	0.638905585	-0.237486839	-0.731710136
0.171698436	0.156421334	0.0389262959	0.869176865	0.522215605	1	3	0	0	0	0	0	0	1	0.907002985	0.42112425	0	-0.42112425	0.907002985	0
0.227470919	0.0608843565	0.0389262959	0.87734437	0.445458502	1	3	0	0	0	0	0	0	1	0.907002985	0.42112425	0	-0.42112425	0.907002985	0
0.251901418	0.126609176	0.0389262959	0.91154629	0.479833037	1	3	0	0	0	0	0	0	1	0.907002926	0.42112419	0	-0.42112419	0.907002926	0
