1204	648	50
0.290075898	0.743423283	-0.317245841	0.481688201	0.246775225	1	41	0	0	0	0	0	0	1	-0.0280141942	-0.999607563	0	0.999607563	-0.0280141942	0
0.0245676115	0.721878529	-0.317245841	0.492970854	0.130268395	1	41	0	0	0	0	0	0	1	-0.0280145034	-0.999607563	0	0.999607563	-0.0280145034	0
0.290075898	0.721878529	-0.317245841	0.486427099	0.247040778	1	41	0	0	0	0	0	0	1	-0.0280145127	-0.999607503	0	0.999607503	-0.0280145127	0
0.290075898	0	-0.582754135	0.116981752	0.523845553	1	43	0	0	0	0	0	-1	0	1	0	0	0	0	1
0.0245676115	0	-0.317245841	2.51226027e-08	0.75781256	1	44	0	0	0	0	0	-1	0	1	0	0	0	0	1
0.0245676115	0	-0.582754135	0	0.523845553	1	43	0	0	0	0	0	-1	0	1	0	0	0	0	1
0.290075898	0.743423283	-0.582754135	0.632480323	0.806257784	1	41	0	0	0	0	1	0	0	0	-1	0	0	0	-1
0.290075898	0.721878529	-0.317245841	0.637226343	0.572290778	1	41	0	0	0	0	1	0	0	0	-1	0	0	0	-1
0.290075898	0.721878529	-0.582754135	0.637226343	0.806257784	1	41	0	0	0	0	1	0	0	0	-1	0	0	0	-1
0.0245676115	0.743423283	-0.582754135	0.16361621	0.128134236	1	41	0	0	0	0	0	0	-1	0.022167502	0.99975425	0	0.99975425	-0.022167502	0
0.290075898	0.721878529	-0.582754135	0.164054632	0.245185882	1	41	0	0	0	0	0	0	-1	0.0221664999	0.999754369	0	0.999754369	-0.0221664999	0
0.0245676115	0.721878529	-0.582754135	0.158874542	0.128344461	1	41	0	0	0	0	0	0	-1	0.0221672989	0.99975425	0	0.99975425	-0.0221672989	0
0.265508294	1.27432597	-0.317245841	0.371676505	0.119537562	1	1	0	0	0	0	0	0	1	-0.0280148704	-0.999607503	0	0.999607503	-0.0280148704	0
0.265508294	1.47334504	-0.317245841	0.327901065	0.117084458	1	4	0	0	0	0	0	0	1	-0.0280148741	-0.999607563	0	0.999607563	-0.0280148741	0
0.0981369764	1.47334504	-0.317245841	0.332026094	0.0434733927	1	4	0	0	0	0	0	0	1	-0.0280148759	-0.999607563	0	0.999607563	-0.0280148759	0
0	1.27432561	-0.582754135	0.275105745	0.00218893331	1	1	0	0	0	0	0	0	-1	0.0221669339	0.99975431	0	0.99975431	-0.0221669339	0
0	1.4733448	-0.582754135	0.318906844	0.000247037096	1	1	0	0	0	0	0	0	-1	0.0221669525	0.999754369	0	0.999754369	-0.0221669525	0
0.0981369764	1.47334504	-0.582754135	0.320821553	0.0434338711	1	4	0	0	0	0	0	0	-1	0.0221669357	0.99975431	0	0.99975431	-0.0221669357	0
0.19916597	1.54007983	-0.657930434	0.414154202	0.91697824	1	3	0	0	0	0	0	0	-1	1	1.19917411e-06	0	1.19917411e-06	-1	0
0	1.96489298	-0.657930434	0.326421827	0.823391438	1	3	0	0	0	0	0	0	-1	1	1.19917388e-06	0	1.19917388e-06	-1	0
0.199165717	1.96489322	-0.657930434	0.414154142	0.823391438	1	3	0	0	0	0	0	0	-1	1	1.19917399e-06	0	1.19917399e-06	-1	0
0	0.76996839	-0.582754135	0.164104328	0.00711011607	1	1	0	0	0	0	0	0	-1	0.0221669152	0.999754369	0	0.999754369	-0.0221669152	0
0.265508294	1.27432597	-0.582754135	0.280285895	0.119030342	1	1	0	0	0	0	0	0	-1	0.0221669134	0.999754369	0	0.999754369	-0.0221669134	0
0.289996594	0.76996839	-0.582754135	0.169762194	0.134728014	1	40	0	0	0	0	0	0	-1	0.0221669152	0.99975431	0	0.99975431	-0.0221669152	0
0	0.76996839	-0.317245841	0.489156663	0.00898186956	1	1	0	0	0	0	0	0	1	-0.0280148648	-0.999607503	0	0.999607503	-0.0280148648	0
0.265508294	1.27432597	-0.317245841	0.371676505	0.119537562	1	1	0	0	0	0	0	0	1	-0.0280148666	-0.999607563	0	0.999607563	-0.0280148666	0
0	1.27432561	-0.317245841	0.37822029	0.00276517752	1	1	0	0	0	0	0	0	1	-0.0280148685	-0.999607563	0	0.999607563	-0.0280148685	0
0	1.96489298	-0.657930434	0.204733461	0.89030385	1	3	0	0	0	0	-1.19708636e-06	1	0	1	1.19708636e-06	0	0	0	-1
0.199165717	1.96489322	-0.242069542	0.292482287	0.523845553	1	3	0	0	0	0	-1.19708636e-06	1	0	1	1.19708636e-06	0	0	0	-1
0.199165717	1.96489322	-0.657930434	0.292482287	0.89030385	1	3	0	0	0	0	-1.19708636e-06	1	0	1	1.19708636e-06	0	0	0	-1
0.19916597	1.54007983	-0.242069542	0.414154232	0.9169783	1	3	0	0	0	0	0	0	1	-1	-1.19708488e-06	0	1.19708488e-06	-1	0
0	1.96489298	-0.242069542	0.501886129	0.823391438	1	3	0	0	0	0	0	0	1	-1	-1.19708477e-06	0	1.19708477e-06	-1	0
0	1.54007959	-0.242069542	0.501886249	0.9169783	1	3	0	0	0	0	0	0	1	-1	-1.19708488e-06	0	1.19708488e-06	-1	0
0.0245676115	0.424813271	-0.582754135	0.0934949741	0.13124302	1	42	0	0	0	0	0	0	-1	0.0221666824	0.99975431	0	0.99975431	-0.0221666824	0
0.290075898	0.391093731	-0.582754135	0.091253899	0.248413458	1	42	0	0	0	0	0	0	-1	0.0221665818	0.999754369	0	0.999754369	-0.0221665818	0
0.0245676115	0.391093731	-0.582754135	0.0860738009	0.131572038	1	42	0	0	0	0	0	0	-1	0.0221670922	0.99975425	0	0.99975425	-0.0221670922	0
0.290075898	0.424813271	-0.582754135	0.702665627	0.806257784	1	42	0	0	0	0	1	0	0	0	-1	0	0	0	-1
0.290075898	0.391093731	-0.317245841	0.710093617	0.572290778	1	42	0	0	0	0	1	0	0	0	-1	0	0	0	-1
0.290075898	0.391093731	-0.582754135	0.710093617	0.806257784	1	42	0	0	0	0	1	0	0	0	-1	0	0	0	-1
0.290075898	0.424813271	-0.317245841	0.551768363	0.250702411	1	42	0	0	0	0	0	0	1	-0.0280153733	-0.999607503	0	0.999607503	-0.0280153733	0
0.0245676115	0.391093731	-0.317245841	0.565728903	0.134345636	1	42	0	0	0	0	0	0	1	-0.0280146413	-0.999607503	0	0.999607503	-0.0280146413	0
0.290075898	0.391093731	-0.317245841	0.559185207	0.251118034	1	42	0	0	0	0	0	0	1	-0.0280147474	-0.999607563	0	0.999607563	-0.0280147474	0
0.290075898	0.0876177475	-0.582754135	0.776945174	0.806257784	1	43	0	0	0	0	1	0	0	0	-1	0	0	0	-1
0.290075898	0	-0.317245841	0.796246171	0.572290778	1	44	0	0	0	0	1	0	0	0	-1	0	0	0	-1
0.290075898	0	-0.582754135	0.796246111	0.806257784	1	43	0	0	0	0	1	0	0	0	-1	0	0	0	-1
0.0245676115	0.0876177475	-0.582754135	0.0192833338	0.134533152	1	43	0	0	0	0	0	0	-1	0.0221671686	0.99975425	0	0.99975425	-0.0221671686	0
0.290075898	0	-0.582754135	0.00518008927	0.252229482	1	43	0	0	0	0	0	0	-1	0.0221668668	0.99975431	0	0.99975431	-0.0221668668	0
0.0245676115	0	-0.582754135	0	0.135388076	1	43	0	0	0	0	0	0	-1	0.0221671648	0.99975425	0	0.99975425	-0.0221671648	0
0.289996594	0.76996839	-0.582754135	0.9774248	0.467934042	1	40	0	0	0	0	0.998823404	0.0484963246	0	0.0484963208	-0.998823345	2.06406785e-08	0	-2.06163921e-08	-1
0.265508294	1.27432597	-0.317245841	0.86644733	0.233967021	1	1	0	0	0	0	0.998823404	0.0484963246	0	0.0484963208	-0.998823345	4.6336023e-08	0	-4.62815031e-08	-1
0.289996594	0.76996839	-0.317245841	0.97742486	0.233967021	1	40	0	0	0	0	0.998823404	0.0484963246	0	0.0484963246	-0.998823404	0	0	0	-1
0.280125141	1.27600777	-0.318278998	0.559478343	0.816949308	1	5	0	0	0	0	0.114305206	-0.993445754	0	0	0	1	-0.993445754	-0.114305206	0
0.265508294	1.27432597	-0.582754135	0.326421767	0.823391438	1	1	0	0	0	0	0.114305206	-0.993445754	0	0	0	1	-0.993445754	-0.114305206	0
0.280125141	1.27600777	-0.581720948	0.327332199	0.816949308	1	5	0	0	0	0	0.114305206	-0.993445754	0	0	0	1	-0.993445754	-0.114305206	0
0.944515586	1.40226686	-0.378988892	0.812039077	0.373048812	1	7	0	0	0	0	0.0523666963	0.998627961	0	0	0	1	0.998627961	-0.0523666963	0
0.931507707	1.40294898	-0.522042274	0.685979903	0.367316335	1	7	0	0	0	0	0.0523666963	0.998627961	0	0	0	1	0.998627961	-0.0523666963	0
0.931507707	1.40294898	-0.377957702	0.81294775	0.367316335	1	7	0	0	0	0	0.0523666963	0.998627961	0	0	0	1	0.998627961	-0.0523666963	0
0.624815941	1.30796206	-0.337908953	0.542180359	0.665041745	1	6	0	0	0	0	0	-1	0	5.67612915e-07	0	1	-1	0	5.67612915e-07
0.605436623	1.30796206	-0.562090993	0.344630182	0.67358017	1	6	0	0	0	0	0	-1	0	3.1820062e-07	0	1	-1	0	3.1820062e-07
0.624815941	1.30796206	-0.562090993	0.344630212	0.665041745	1	6	0	0	0	0	0	-1	0	0	0	1	-1	0	0
0.587502062	1.43970907	-0.337908953	0.848238885	0.215676263	1	5	0	0	0	0	0	1	0	0	0	1	1	0	0
0.605436623	1.43970907	-0.562090993	0.650688767	0.223577902	1	6	0	0	0	0	0	1	0	0	0	1	1	0	0
0.587502062	1.43970907	-0.562090993	0.650688767	0.215676263	1	5	0	0	0	0	0	1	0	0	0	1	1	0	0
0.587502062	1.30796206	-0.337908953	0.356319904	0.261135191	1	5	0	0	0	0	0	0	1	-0.0280151293	-0.999607503	0	0.999607503	-0.0280151293	0
0.605436623	1.43970907	-0.337908953	0.32689935	0.267399013	1	6	0	0	0	0	0	0	1	-0.0280149765	-0.999607503	0	0.999607503	-0.0280149765	0
0.587502062	1.43970907	-0.337908953	0.327341378	0.259511292	1	5	0	0	0	0	0	0	1	-0.0280147605	-0.999607563	0	0.999607563	-0.0280147605	0
0.587502062	1.43970907	-0.562090993	0.322983772	0.259508669	1	5	0	0	0	0	0	0	-1	0.0221669376	0.999754369	0	0.999754369	-0.0221669376	0
0.605436623	1.30796206	-0.562090993	0.294338167	0.268686533	1	6	0	0	0	0	0	0	-1	0.0221668761	0.99975431	0	0.99975431	-0.0221668761	0
0.587502062	1.30796206	-0.562090993	0.293988258	0.260794163	1	5	0	0	0	0	0	0	-1	0.0221669395	0.999754369	0	0.999754369	-0.0221669395	0
0.290075898	0.0876177475	-0.317245841	0.776945174	0.572290778	1	44	0	0	0	0	1	0	0	0	-1	0	0	0	-1
0.290075898	0	-0.211042523	0.796246171	0.478704005	1	44	0	0	0	0	1	0	0	0	-1	0	0	0	-1
0.290075898	0.0876177475	-0.211042523	0.560388803	0.769402802	1	44	0	0	0	0	0	0	1	0	-1	0	1	0	0
0.0245676115	0	-0.211042523	0.579691052	0.652447224	1	44	0	0	0	0	0	0	1	0	-1	0	1	0	0
0.290075898	0	-0.211042523	0.579691052	0.769402802	1	44	0	0	0	0	0	0	1	0	-1	0	1	0	0
0.0245676115	0.0876177475	-0.317245841	0.632480323	0.806257784	1	44	0	0	0	0	0	1	0	0	0	1	1	0	0
0.290075898	0.0876177475	-0.211042523	0.726067126	0.923235953	1	44	0	0	0	0	0	1	0	0	0	1	1	0	0
0.290075898	0.0876177475	-0.317245841	0.632480323	0.923235953	1	44	0	0	0	0	0	1	0	0	0	1	1	0	0
0.290075898	0	-0.317245841	0.116981797	0.75781256	1	44	0	0	0	0	0	-1	0	1	0	0	0	0	1
0.0245676115	0	-0.211042523	4.0555431e-08	0.851399362	1	44	0	0	0	0	0	-1	0	1	0	0	0	0	1
0.931507707	1.34472215	-0.522042274	0.379921317	0.529870629	1	7	0	0	0	0	0.0523301885	-0.998629868	0	-9.38778271e-07	-4.91938437e-08	1	-0.998629868	-0.0523301885	-9.40066343e-07
0.944515586	1.34540379	-0.378988892	0.505980551	0.52413857	1	7	0	0	0	0	0.0523301885	-0.998629868	0	-9.38778328e-07	-4.91938472e-08	1	-0.998629868	-0.0523301885	-9.400664e-07
0.931507707	1.34472215	-0.377957702	0.506889224	0.52987057	1	7	0	0	0	0	0.0523301885	-0.998629868	0	-9.38778271e-07	-4.91938437e-08	1	-0.998629868	-0.0523301885	-9.40066343e-07
0.931507707	1.34472215	-0.522042274	0.308823973	0.412583023	1	7	0	0	0	0	0.0534270182	0	-0.998571754	0.022115713	0.999754786	0.00118326664	0.998326898	-0.0221473444	0.0534139164
0.944515586	1.40226686	-0.521346271	0.321743041	0.41775912	1	7	0	0	0	0	0.0534270182	0	-0.998571754	0.022115713	0.999754786	0.00118326664	0.998326898	-0.0221473444	0.0534139164
0.944515586	1.34540379	-0.521346271	0.309228361	0.41831395	1	7	0	0	0	0	0.0534270182	0	-0.998571754	0.022115713	0.999754727	0.00118326664	0.998326838	-0.0221473444	0.0534139127
0.931507707	1.34472215	-0.377957702	0.339712799	0.41274783	1	7	0	0	0	0	0.0790257752	0	0.996872604	-0.0279181339	-0.999607742	0.00221317355	0.996481597	-0.028005721	-0.0789947733
0.944515586	1.40226686	-0.378988892	0.326733798	0.417779297	1	7	0	0	0	0	0.0790257752	0	0.996872604	-0.027918132	-0.999607742	0.00221317355	0.996481597	-0.0280057192	-0.0789947733
0.931507707	1.40294898	-0.377957702	0.326905459	0.412030131	1	7	0	0	0	0	0.0790257752	0	0.996872604	-0.0279181339	-0.999607742	0.00221317355	0.996481597	-0.028005721	-0.0789947733
0.944515586	1.40226686	-0.378988892	0.812039077	0.373048812	1	7	0	0	0	0	0	1	0	0	0	1	1	0	0
1.06668055	1.40226686	-0.419630527	0.776225507	0.426872462	1	14	0	0	0	0	0	1	0	0	0	1	1	0	0
1.06668055	1.40226686	-0.450167596	0.749316156	0.426872462	1	14	0	0	0	0	0	1	0	0	0	1	1	0	0
0.994340658	1.40226686	-0.378988892	0.311784595	0.523845553	1	20	0	0	0	0	0	0	1	0	-1	0	1	0	0
1.06668055	1.34540379	-0.378988892	0.324311554	0.555711031	1	17	0	0	0	0	0	0	1	0	-1	0	1	0	0
1.06668055	1.40226686	-0.378988892	0.311784595	0.555711031	1	17	0	0	0	0	0	0	1	0	-1	0	1	0	0
0.944515586	1.34540379	-0.350517422	0.324311554	0.803464234	1	20	0	0	0	0	-1	0	0	0	-1	0	0	0	1
0.944515586	1.40226686	-0.378988892	0.311784565	0.77837503	1	7	0	0	0	0	-1	0	0	0	-1	0	0	0	1
0.944515586	1.34540379	-0.378988892	0.324311554	0.77837503	1	7	0	0	0	0	-1	0	0	0	-1	0	0	0	1
0.944515586	1.40226686	-0.521346271	0.321743041	0.41775912	1	7	0	0	0	0	0	0	-1	0.0221668594	0.99975431	0	0.99975431	-0.0221668594	0
1.06668055	1.34540379	-0.521346271	0.311611831	0.472074687	1	8	0	0	0	0	0	0	-1	0.0221668519	0.99975431	0	0.99975431	-0.0221668519	0
0.944515586	1.34540379	-0.521346271	0.309228361	0.41831395	1	7	0	0	0	0	0	0	-1	0.0221668631	0.999754369	0	0.999754369	-0.0221668631	0
0.994340658	1.34540379	-0.375217319	0.583014607	0.697708964	1	20	0	0	0	0	0	-1	0	0	0	1	-1	0	0
0.994340658	1.34540379	-0.350517422	0.604780257	0.697708964	1	20	0	0	0	0	0	-1	0	0	0	1	-1	0	0
0.944515586	1.34540379	-0.350517422	0.604780257	0.719661653	1	20	0	0	0	0	0	-1	0	0	0	1	-1	0	0
0.994340658	1.40226686	-0.350517422	0.311784565	0.629480243	1	20	0	0	0	0	0	0	1	0	-1	0	1	0	0
0.944515586	1.34540379	-0.350517422	0.324311554	0.607532442	1	20	0	0	0	0	0	0	1	0	-1	0	1	0	0
0.994340658	1.34540379	-0.350517422	0.324311554	0.629480243	1	20	0	0	0	0	0	0	1	0	-1	0	1	0	0
0.265508294	1.47334504	-0.582754135	0.632480323	0.0737408027	1	4	0	0	0	0	0	1	0	0	0	1	1	0	0
0.0981369764	1.47334504	-0.317245841	0.86644733	2.44046596e-08	1	4	0	0	0	0	0	1	0	0	0	1	1	0	0
0.265508294	1.47334504	-0.317245841	0.86644733	0.0737408027	1	4	0	0	0	0	0	1	0	0	0	1	1	0	0
0.0245676115	0.102791548	-0.317245841	0.629142702	0.137899235	1	43	0	0	0	0	0	0	1	-0.0280152634	-0.999607563	0	0.999607563	-0.0280152634	0
0.290075898	0.102791548	-0.317245841	0.622598946	0.254671633	1	43	0	0	0	0	0	0	1	-0.0280154012	-0.999607444	0	0.999607444	-0.0280154012	0
0.290075898	0.102791548	-0.317245841	0.773602605	0.572290778	1	43	0	0	0	0	1	0	0	0	-1	0	0	0	-1
0.290075898	0.102791548	-0.582754135	0.773602545	0.806257784	1	43	0	0	0	0	1	0	0	0	-1	0	0	0	-1
0.290075898	0.102791548	-0.582754135	0.0278029554	0.251226515	1	43	0	0	0	0	0	0	-1	0.02216723	0.99975431	0	0.99975431	-0.02216723	0
0.0245676115	0.102791548	-0.582754135	0.0226228591	0.134385094	1	43	0	0	0	0	0	0	-1	0.0221670829	0.99975431	0	0.99975431	-0.0221670829	0
0.0245676115	0.456674278	-0.582754135	0.100507095	0.130932152	1	41	0	0	0	0	0	0	-1	0.0221666172	0.99975425	0	0.99975425	-0.0221666172	0
0.290075898	0.424813271	-0.582754135	0.0986750647	0.248084456	1	42	0	0	0	0	0	0	-1	0.0221665613	0.99975425	0	0.99975425	-0.0221665613	0
0.290075898	0.456674278	-0.582754135	0.69564712	0.806257784	1	41	0	0	0	0	1	0	0	0	-1	0	0	0	-1
0.290075898	0.424813271	-0.317245841	0.702665687	0.572290778	1	42	0	0	0	0	1	0	0	0	-1	0	0	0	-1
0.290075898	0.456674278	-0.317245841	0.544760346	0.250309676	1	41	0	0	0	0	0	0	1	-0.0280154329	-0.999607503	0	0.999607503	-0.0280154329	0
0.0245676115	0.424813271	-0.317245841	0.558312118	0.133930013	1	42	0	0	0	0	0	0	1	-0.028014835	-0.999607563	0	0.999607563	-0.028014835	0
0.280125141	1.47166324	-0.581720948	0.324002892	0.123556897	1	5	0	0	0	0	0.0637329817	0	-0.997967005	0.0221059155	0.999754727	0.00141174602	0.997722208	-0.0221509486	0.0637173504
0.587502062	1.30796206	-0.562090993	0.293988258	0.260794163	1	5	0	0	0	0	0.0637329817	0	-0.997967005	0.0221059136	0.999754608	0.00141174591	0.997722089	-0.0221509468	0.0637173429
0.280125141	1.27600777	-0.581720948	0.280942082	0.125465974	1	5	0	0	0	0	0.0637329817	0	-0.997967005	0.0221059155	0.999754727	0.00141174602	0.997722208	-0.0221509486	0.0637173504
0.280125141	1.47166324	-0.318278998	0.327909619	0.123553619	1	5	0	0	0	0	0.0637329817	0	0.997967005	-0.0279366635	-0.999608159	0.00178411393	0.997575939	-0.0279935747	-0.0637080073
0.587502062	1.30796206	-0.337908953	0.356319904	0.261135191	1	5	0	0	0	0	0.0637329817	0	0.997967005	-0.0279366616	-0.999608099	0.00178411382	0.997575879	-0.0279935729	-0.0637080073
0.587502062	1.43970907	-0.337908953	0.327341378	0.259511292	1	5	0	0	0	0	0.0637329817	0	0.997967005	-0.0279366616	-0.999608099	0.00178411382	0.997575879	-0.0279935729	-0.0637080073
0.280125141	1.47166324	-0.318278998	0.865536928	0.0801842585	1	5	0	0	0	0	0.103400402	0.994639874	0	0	0	1	0.994639874	-0.103400402	0
0.587502062	1.43970907	-0.562090993	0.650688767	0.215676263	1	5	0	0	0	0	0.103400402	0.994639874	0	0	0	1	0.994639874	-0.103400402	0
0.280125141	1.47166324	-0.581720948	0.633390784	0.0801842585	1	5	0	0	0	0	0.103400402	0.994639874	0	0	0	1	0.994639874	-0.103400402	0
0.605436623	1.30796206	-0.337908953	0.542180359	0.673580229	1	6	0	0	0	0	0	-1	0	3.15613931e-07	0	1	-1	0	3.15613931e-07
0.587502062	1.30796206	-0.562090993	0.344630182	0.681482077	1	5	0	0	0	0	0	-1	0	5.72785893e-07	0	1	-1	0	5.72785893e-07
0.605436623	1.43970907	-0.562090993	0.323333681	0.26740104	1	6	0	0	0	0	0	0	-1	0.0221668724	0.99975431	0	0.99975431	-0.0221668724	0
0.624815941	1.30796206	-0.562090993	0.294716239	0.277214736	1	6	0	0	0	0	0	0	-1	0.0221668147	0.99975431	0	0.99975431	-0.0221668147	0
0.605436623	1.30796206	-0.337908953	0.355877906	0.269022942	1	6	0	0	0	0	0	0	1	-0.0280149728	-0.999607503	0	0.999607503	-0.0280149728	0
0.624815941	1.43970907	-0.337908953	0.326421738	0.275922179	1	6	0	0	0	0	0	0	1	-0.0280151255	-0.999607563	0	0.999607563	-0.0280151255	0
0.605436623	1.43970907	-0.337908953	0.848238885	0.223577902	1	6	0	0	0	0	0	1	0	0	0	1	1	0	0
0.624815941	1.43970907	-0.562090993	0.650688767	0.232116073	1	6	0	0	0	0	0	1	0	0	0	1	1	0	0
1.06668055	1.34540379	-0.378988892	0.505980551	0.470313281	1	17	0	0	0	0	0	-1	-3.34957895e-06	1.8196771e-06	-3.34957895e-06	1	-1	0	1.8196771e-06
1.12379992	1.34540391	-0.414578229	0.474619091	0.44514668	1	18	0	0	0	0	0	-1	-3.34957895e-06	1.81967698e-06	-3.34957895e-06	1	-1	0	1.81967698e-06
1.12379992	1.34540379	-0.378988892	0.505980551	0.44514671	1	18	0	0	0	0	0	-1	-3.34957895e-06	1.81967698e-06	-3.34957895e-06	1	-1	0	1.81967698e-06
1.06668055	1.40226686	-0.414578229	0.780677617	0.426872462	1	17	0	0	0	0	0	1	0	-1.2304028e-07	0	1	1	0	1.2304028e-07
1.12379992	1.40226686	-0.378988892	0.812039077	0.452038288	1	18	0	0	0	0	0	1	0	-4.80600761e-07	0	1	1	0	4.80600761e-07
1.12550211	1.40226686	-0.414578229	0.780677617	0.452788234	1	18	0	0	0	0	0	1	0	-5.29121905e-07	0	1	1	0	5.29121905e-07
1.06668055	1.40226686	-0.521346271	0.324126512	0.471519858	1	8	0	0	0	0	0	0	-1	0.0221668147	0.99975431	0	0.99975431	-0.0221668147	0
1.12379992	1.34540379	-0.521346271	0.312726229	0.497211069	1	9	0	0	0	0	0	0	-1	0.0221668705	0.99975425	0	0.99975425	-0.0221668705	0
1.06668055	1.34540379	-0.521346271	0.311611831	0.472074687	1	8	0	0	0	0	0	0	-1	0.0221668221	0.999754369	0	0.999754369	-0.0221668221	0
1.18432367	1.40226686	-0.378988892	0.604780316	0.771481276	1	19	0	0	0	0	1	0	0	0	-1	0	0	0	-1
1.18432367	1.34540391	-0.414578229	0.617306411	0.802842796	1	19	0	0	0	0	1	0	0	0	-1	0	0	0	-1
1.18432367	1.40226686	-0.414578229	0.604780316	0.802842796	1	19	0	0	0	0	1	0	0	0	-1	0	0	0	-1
1.06668055	1.34540379	-0.48826611	0.604744971	0.719661653	1	8	0	0	0	0	0	0	1	0	-1	0	1	0	0
1.12379992	1.40226686	-0.48826611	0.592217982	0.744822502	1	9	0	0	0	0	0	0	1	0	-1	0	1	0	0
1.06668055	1.40226686	-0.48826611	0.592217982	0.719661653	1	8	0	0	0	0	0	0	1	0	-1	0	1	0	0
1.12379992	1.40226686	-0.521346271	0.32524091	0.496656239	1	9	0	0	0	0	0	0	-1	0.0221668314	0.99975425	0	0.99975425	-0.0221668314	0
1.15408683	1.34540379	-0.521346271	0.31331712	0.510539293	1	10	0	0	0	0	0	0	-1	0.0221669227	0.999754369	0	0.999754369	-0.0221669227	0
1.06668055	1.40226686	-0.48826611	0.715743542	0.426872462	1	8	0	0	0	0	0	1	0	0	0	1	1	0	0
1.12379992	1.40226686	-0.521346271	0.686593175	0.452038288	1	9	0	0	0	0	0	1	0	0	0	1	1	0	0
1.06668055	1.40226686	-0.521346271	0.686593175	0.426872462	1	8	0	0	0	0	0	1	0	0	0	1	1	0	0
1.06668055	1.34540379	-0.521346271	0.380534619	0.470313281	1	8	0	0	0	0	0	-1	0	0	0	1	-1	0	0
1.12379992	1.34540379	-0.48826611	0.409685016	0.44514671	1	9	0	0	0	0	0	-1	0	0	0	1	-1	0	0
1.06668055	1.34540379	-0.48826611	0.409685016	0.470313281	1	8	0	0	0	0	0	-1	0	0	0	1	-1	0	0
1.15408683	1.34540379	-0.48826611	0.604744971	0.75816381	1	10	0	0	0	0	0	0	1	0	-1	0	1	0	0
1.18432367	1.40226686	-0.48826611	0.592217982	0.771483004	1	10	0	0	0	0	0	0	1	0	-1	0	1	0	0
1.15408683	1.40226686	-0.48826611	0.592217982	0.75816381	1	10	0	0	0	0	0	0	1	0	-1	0	1	0	0
1.15408683	1.34540379	-0.521346271	0.380534619	0.431802452	1	10	0	0	0	0	0	-1	0	0	0	1	-1	0	0
1.18432367	1.34540379	-0.48826611	0.409685016	0.418480247	1	10	0	0	0	0	0	-1	0	0	0	1	-1	0	0
1.15408683	1.34540379	-0.48826611	0.409685016	0.431802452	1	10	0	0	0	0	0	-1	0	5.39874634e-07	0	1	-1	0	5.39874634e-07
1.15408683	1.40226686	-0.521346271	0.325831801	0.509984493	1	10	0	0	0	0	0	0	-1	0.0221657027	0.999754369	0	0.999754369	-0.0221657027	0
1.18432367	1.34540379	-0.521346271	0.313907057	0.523845494	1	10	0	0	0	0	0	0	-1	0.0221657157	0.99975431	0	0.99975431	-0.0221657157	0
1.15408683	1.34540379	-0.521346271	0.31331712	0.510539293	1	10	0	0	0	0	0	0	-1	0.0221657138	0.999754369	0	0.999754369	-0.0221657138	0
1.15408683	1.34540391	-0.414578229	0.474619061	0.431802422	1	19	0	0	0	0	0	-1	-3.34957826e-06	1.90059916e-06	-3.34957849e-06	1	-1	0	1.90059916e-06
1.18432367	1.34540379	-0.378988892	0.505980551	0.418480247	1	19	0	0	0	0	0	-1	-3.34957826e-06	1.90059905e-06	-3.34957849e-06	1	-1	0	1.90059905e-06
1.15408683	1.34540379	-0.378988892	0.505980551	0.431802452	1	19	0	0	0	0	0	-1	-3.34957826e-06	1.90059893e-06	-3.34957826e-06	1	-1	0	1.90059893e-06
1.18432367	1.40226686	-0.48826611	0.617307305	0.771481276	1	10	0	0	0	0	1	0	0	0	-1	0	0	0	-1
1.18432367	1.34540379	-0.521346271	0.62983346	0.800631702	1	10	0	0	0	0	1	0	0	0	-1	0	0	0	-1
1.18432367	1.40226686	-0.521346271	0.617307305	0.800631702	1	10	0	0	0	0	1	0	0	0	-1	0	0	0	-1
1.12379992	1.40226686	-0.48826611	0.715743542	0.452038288	1	9	0	0	0	0	0	1	0	0	0	1	1	0	0
1.15408683	1.40226686	-0.521346271	0.686593175	0.465382159	1	10	0	0	0	0	0	1	0	0	0	1	1	0	0
1.15408683	1.34540379	-0.378988892	0.324311554	0.594213247	1	19	0	0	0	0	0	0	1	0	-1	0	1	0	0
1.18432367	1.40226686	-0.378988892	0.311784595	0.607532442	1	19	0	0	0	0	0	0	1	0	-1	0	1	0	0
1.15408683	1.40226686	-0.378988892	0.311784595	0.594213247	1	19	0	0	0	0	0	0	1	0	-1	0	1	0	0
1.12379992	1.34540391	-0.414578229	0.474619091	0.44514668	1	18	0	0	0	0	0	-1	-3.34957917e-06	1.90060018e-06	-3.34957917e-06	1	-1	0	1.90060018e-06
1.15408683	1.34540379	-0.378988892	0.505980551	0.431802452	1	19	0	0	0	0	0	-1	-3.34957917e-06	1.9006003e-06	-3.34957917e-06	1	-1	0	1.9006003e-06
1.12379992	1.34540379	-0.378988892	0.505980551	0.44514671	1	18	0	0	0	0	0	-1	-3.34957917e-06	1.90060018e-06	-3.34957917e-06	1	-1	0	1.90060018e-06
1.12379992	1.34540379	-0.521346271	0.380534619	0.44514668	1	9	0	0	0	0	0	-1	0	1.46135733e-06	0	1	-1	0	1.46135733e-06
1.12379992	1.34540379	-0.48826611	0.409685016	0.44514671	1	9	0	0	0	0	0	-1	0	2.00996419e-06	0	1	-1	0	2.00996419e-06
1.12379992	1.34540379	-0.48826611	0.604744971	0.744822502	1	9	0	0	0	0	0	0	1	0	-1	0	1	0	0
1.12379992	1.34540379	-0.378988892	0.324311554	0.58087194	1	18	0	0	0	0	0	0	1	0	-1	0	1	0	0
1.12379992	1.40226686	-0.378988892	0.311784595	0.58087194	1	18	0	0	0	0	0	0	1	0	-1	0	1	0	0
1.15408683	1.40226686	-0.48826611	0.715743542	0.465382159	1	10	0	0	0	0	0	1	0	0	0	1	1	0	0
1.18432367	1.40226686	-0.521346271	0.686593175	0.478703916	1	10	0	0	0	0	0	1	0	0	0	1	1	0	0
0.944515586	1.40226686	-0.350517422	0.629869521	0.652447224	1	20	0	0	0	0	0	1	0	0	0	1	1	0	0
0.994340658	1.40226686	-0.350517422	0.629869521	0.674399257	1	20	0	0	0	0	0	1	0	0	0	1	1	0	0
0.994340658	1.40226686	-0.375217319	0.608103871	0.674399257	1	20	0	0	0	0	0	1	0	0	0	1	1	0	0
0.944515586	1.34540379	-0.521346271	0.380534619	0.52413857	1	7	0	0	0	0	0	-1	0	0	0	1	-1	0	0
1.06668055	1.34540379	-0.454177767	0.439723819	0.470313281	1	11	0	0	0	0	0	-1	0	0	0	1	-1	0	0
1.06668055	1.34540379	-0.450167596	0.4432576	0.470313281	1	14	0	0	0	0	0	-1	0	0	0	1	-1	0	0
0.624815941	1.43970907	-0.562090993	0.650688767	0.232116073	1	6	0	0	0	0	0.119008251	0.992893338	0	0	0	1	0.992893338	-0.119008251	0
0.931507707	1.40294898	-0.377957702	0.81294775	0.367316335	1	7	0	0	0	0	0.119008251	0.992893338	0	0	0	1	0.992893338	-0.119008251	0
0.931507707	1.40294898	-0.522042274	0.685979903	0.367316335	1	7	0	0	0	0	0.119008251	0.992893338	0	0	0	1	0.992893338	-0.119008251	0
0.931507707	1.34472215	-0.377957702	0.506889224	0.52987057	1	7	0	0	0	0	0.119008251	-0.992893338	0	-9.38601033e-07	-1.12500771e-07	1	-0.992893338	-0.119008251	-9.45319186e-07
0.624815941	1.30796206	-0.562090993	0.344630212	0.665041745	1	6	0	0	0	0	0.119008251	-0.992893338	0	-9.38601033e-07	-1.12500771e-07	1	-0.992893338	-0.119008251	-9.45319186e-07
0.931507707	1.34472215	-0.522042274	0.379921317	0.529870629	1	7	0	0	0	0	0.119008251	-0.992893338	0	-9.38601033e-07	-1.12500771e-07	1	-0.992893338	-0.119008251	-9.45319186e-07
0.624815941	1.43970907	-0.337908953	0.326421738	0.275922179	1	6	0	0	0	0	0.129483804	0	0.991581559	-0.0278557483	-0.999605358	0.0036374901	0.991190255	-0.0280922428	-0.129432708
0.931507707	1.34472215	-0.377957702	0.339712799	0.41274783	1	7	0	0	0	0	0.129483804	0	0.991581559	-0.0278557483	-0.999605358	0.0036374901	0.991190255	-0.0280922428	-0.129432708
0.931507707	1.40294898	-0.377957702	0.326905459	0.412030131	1	7	0	0	0	0	0.129483804	0	0.991581559	-0.0278557502	-0.999605417	0.00363749033	0.991190195	-0.0280922409	-0.129432693
0.624815941	1.30796206	-0.562090993	0.294716239	0.277214736	1	6	0	0	0	0	0.129483804	0	-0.991581559	0.0220428631	0.999752879	0.00287842541	0.991336524	-0.0222300068	0.129451811
0.931507707	1.40294898	-0.522042274	0.321638823	0.412014872	1	7	0	0	0	0	0.129483804	0	-0.991581559	0.0220428649	0.999752939	0.00287842564	0.991336584	-0.0222300086	0.129451811
0.931507707	1.34472215	-0.522042274	0.308823973	0.412583023	1	7	0	0	0	0	0.129483804	0	-0.991581559	0.0220428668	0.999752879	0.00287842611	0.991336524	-0.0222300105	0.129451811
0.265508294	1.47334504	-0.317245841	0.86644733	0.0737408027	1	4	0	0	0	0	0.114305191	0.993445635	0	0	0	1	0.993445635	-0.114305191	0
0.280125141	1.47166324	-0.581720948	0.633390784	0.0801842585	1	5	0	0	0	0	0.114305191	0.993445635	0	0	0	1	0.993445635	-0.114305191	0
0.265508294	1.47334504	-0.582754135	0.632480323	0.0737408027	1	4	0	0	0	0	0.114305191	0.993445635	0	0	0	1	0.993445635	-0.114305191	0
0.265508294	1.27432597	-0.317245841	0.371676505	0.119537562	1	1	0	0	0	0	0.0705067217	0	0.997511387	-0.0279286932	-0.99960804	0.00197407324	0.997120261	-0.027998371	-0.0704790801
0.280125141	1.47166324	-0.318278998	0.327909619	0.123553619	1	5	0	0	0	0	0.0705067217	0	0.997511387	-0.0279286914	-0.999607921	0.00197407324	0.997120261	-0.0279983729	-0.0704790801
0.265508294	1.47334504	-0.317245841	0.327901065	0.117084458	1	4	0	0	0	0	0.0705067217	0	0.997511387	-0.0279286914	-0.99960798	0.00197407324	0.997120321	-0.0279983729	-0.0704790801
0.265508294	1.47334504	-0.582754135	0.324086994	0.117088445	1	4	0	0	0	0	0.0705067217	0	-0.997511387	0.0220994428	0.999754548	0.0015620467	0.997266531	-0.0221545808	0.070489414
0.280125141	1.27600777	-0.581720948	0.280942082	0.125465974	1	5	0	0	0	0	0.0705067217	0	-0.997511387	0.0220994409	0.999754608	0.00156204659	0.997266471	-0.0221545771	0.070489414
0.265508294	1.27432597	-0.582754135	0.280285895	0.119030342	1	1	0	0	0	0	0.0705067217	0	-0.997511387	0.0220994428	0.999754608	0.0015620467	0.997266471	-0.0221545789	0.070489414
0.587502062	1.30796206	-0.337908953	0.542180359	0.681482077	1	5	0	0	0	0	0.103400767	-0.994639814	0	0	0	1	-0.994639814	-0.103400767	0
0.280125141	1.27600777	-0.581720948	0.327332199	0.816949308	1	5	0	0	0	0	0.103400767	-0.994639814	0	0	0	1	-0.994639814	-0.103400767	0
0.587502062	1.30796206	-0.562090993	0.344630182	0.681482077	1	5	0	0	0	0	0.103400767	-0.994639814	0	0	0	1	-0.994639814	-0.103400767	0
0.290075898	0.0876177475	-0.582754135	0.02446343	0.251374573	1	43	0	0	0	0	0	0	-1	0.0221671611	0.99975431	0	0.99975431	-0.0221671611	0
0.0245676115	0.0876177475	-0.317245841	0.632480264	0.138086274	1	44	0	0	0	0	0	0	1	-0.0280157141	-0.999607503	0	0.999607503	-0.0280157141	0
0.290075898	0.0876177475	-0.317245841	0.625936568	0.254858673	1	44	0	0	0	0	0	0	1	-0.028016001	-0.999607563	0	0.999607563	-0.028016001	0
0.290075898	0.743423283	-0.582754135	0.999999881	0.712670982	1	41	0	0	0	0	0.99999553	0.00298750447	0	0.00298750447	-0.99999553	1.19963499e-06	0	-1.19962965e-06	-1
0.289996594	0.76996839	-0.317245841	0.889826715	0.478703976	1	40	0	0	0	0	0.99999553	0.00298750447	0	0.00298750447	-0.99999553	1.19963488e-06	0	-1.19962954e-06	-1
0.290075898	0.743423283	-0.317245841	0.99999994	0.478704005	1	41	0	0	0	0	0.99999553	0.00298750447	0	0.0029875047	-0.999995589	1.19963499e-06	0	-1.19962965e-06	-1
0.0245676115	0.743423283	-0.317245841	0.488231957	0.130002841	1	41	0	0	0	0	0	0	1	-0.994436622	-0.105336569	0	0.105336569	-0.994436622	0
0.289996594	0.76996839	-0.317245841	0.482009411	0.136524379	1	40	0	0	0	0	0	0	1	-0.994436681	-0.105336569	0	0.105336569	-0.994436681	0
0	0.76996839	-0.317245841	0.489156663	0.00898186956	1	1	0	0	0	0	0	0	1	-0.994436681	-0.105336569	0	0.105336569	-0.994436681	0
0.0245676115	0.743423283	-0.582754135	0.16361621	0.128134236	1	41	0	0	0	0	0	0	-1	0.994429827	0.105401203	0	0.105401203	-0.994429827	0
0.289996594	0.76996839	-0.582754135	0.169762194	0.134728014	1	40	0	0	0	0	0	0	-1	0.994429827	0.105401196	0	0.105401196	-0.994429827	0
0.290075898	0.743423283	-0.582754135	0.168796301	0.244975671	1	41	0	0	0	0	0	0	-1	0.994429767	0.105401196	0	0.105401196	-0.994429767	0
0.0245676115	0.0876177475	-0.211042523	0.292482316	0.851399362	1	44	0	0	0	0	-1	0	0	0	-1	0	0	0	1
0.0245676115	0	-0.317245841	0.311784595	0.75781256	1	44	0	0	0	0	-1	0	0	0	-1	0	0	0	1
0.0245676115	0	-0.211042523	0.311784595	0.851399362	1	44	0	0	0	0	-1	0	0	0	-1	0	0	0	1
0.0245676115	0.0876177475	-0.317245841	0.292482316	0.75781256	1	44	0	0	0	0	-1	0	0	0	-1	0	0	0	1
0.0245676115	0	-0.582754135	0.311784625	0.523845553	1	43	0	0	0	0	-1	0	0	0	-1	0	0	0	1
0.0245676115	0.743423283	-0.317245841	0.560388803	0.652447164	1	41	0	0	0	0	-1	0	0	0	-1	0	0	0	1
0.0245676115	0.721878529	-0.582754135	0.565135121	0.418480158	1	41	0	0	0	0	-1	0	0	0	-1	-6.00373724e-08	0	-6.00373724e-08	1
0.0245676115	0.721878529	-0.317245841	0.565135121	0.652447164	1	41	0	0	0	0	-1	0	0	0	-1	-2.99978744e-08	0	-2.99978744e-08	1
0.099582985	1.54007983	-0.317245841	0.160857618	0.824058175	1	3	0	0	0	0	0	-1	0	1	0	0	0	0	1
0.19916597	1.54007983	-0.317245841	0.204733431	0.824058175	1	3	0	0	0	0	0	-1	0	1	0	0	0	0	1
0.19916597	1.54007983	-0.242069542	0.204733431	0.89030385	1	3	0	0	0	0	0	-1	0	1	0	0	0	0	1
0.0991009921	1.4899987	-0.582754135	0.625470817	0.652447164	1	2	0	0	0	0	0.999953687	-0.00962379668	0	-0.00962379761	-0.999953747	0	0	0	-1
0.099582985	1.54007983	-0.317245841	0.623559892	0.418480188	1	3	0	0	0	0	0.999953687	-0.00962379668	0	-0.00962379668	-0.999953687	0	0	0	-1
0.0991009921	1.4899987	-0.317245841	0.625470877	0.418480188	1	2	0	0	0	0	0.999953687	-0.00962379668	0	-0.00962379668	-0.999953687	0	0	0	-1
0.19916597	1.54007983	-0.657930434	0.204733431	0.523845494	1	3	0	0	0	0	0	-1	0	1	0	0	0	0	1
0.19916597	1.54007983	-0.582754135	0.204733431	0.590091169	1	3	0	0	0	0	0	-1	0	1	0	0	0	0	1
0.099582985	1.54007983	-0.582754135	0.160857618	0.590091169	1	3	0	0	0	0	0	-1	0	1	0	0	0	0	1
0.19916597	1.54007983	-0.582754135	0.889826536	0.778916597	1	3	0	0	0	0	1	5.96308269e-07	0	5.96308269e-07	-1	-3.58945549e-08	0	3.58945549e-08	-1
0.199165717	1.96489322	-0.657930434	0.796246052	0.845162272	1	3	0	0	0	0	1	5.96308269e-07	0	5.96308269e-07	-1	-3.58945549e-08	0	3.58945549e-08	-1
0.199165717	1.96489322	-0.242069542	0.796246052	0.478703946	1	3	0	0	0	0	1	5.96308269e-07	0	5.96308269e-07	-1	-3.58945549e-08	0	3.58945549e-08	-1
0.0991009921	1.4899987	-0.317245841	0.328339279	0.0436921008	1	2	0	0	0	0	0	0	1	-0.00484812493	-0.999988258	0	0.999988258	-0.00484812493	0
0	1.54007983	-0.317245841	0.328876078	0	1	3	0	0	0	0	0	0	1	-0.00484812539	-0.999988317	0	0.999988317	-0.00484812539	0
0	1.4899987	-0.317245841	0.330781728	0.000106797954	1	2	0	0	0	0	0	0	1	-0.00484812493	-0.999988198	0	0.999988198	-0.00484812493	0
0.0981369764	1.47334504	-0.317245841	0.332026094	0.0434733927	1	4	0	0	0	0	0	0	1	-0.0280149076	-0.999607503	0	0.999607503	-0.0280149076	0
0	1.48167169	-0.317245841	0.332613289	0.000209436446	1	2	0	0	0	0	0	0	1	-0.0280155279	-0.999607503	0	0.999607503	-0.0280155279	0
0	1.4733448	-0.317245841	0.334444851	0.000312073389	1	1	0	0	0	0	0	0	1	-0.0280151963	-0.999607563	0	0.999607563	-0.0280151963	0
0.0986189842	1.48167193	-0.317245841	0.330182672	0.0435827412	1	2	0	0	0	0	0	0	1	-0.0280136429	-0.999607563	0	0.999607563	-0.0280136429	0
0	1.4899987	-0.317245841	0.330781728	0.000106797954	1	2	0	0	0	0	0	0	1	-0.0280147493	-0.999607503	0	0.999607503	-0.0280147493	0
0	1.48167169	-0.317245841	0.332613289	0.000209436446	1	2	0	0	0	0	0	0	1	-0.0280148163	-0.999607563	0	0.999607563	-0.0280148163	0
0.0981369764	1.47334504	-0.582754135	0.629144371	0.652447164	1	4	0	0	0	0	0.998328865	-0.0577889793	0	-0.0577889755	-0.998328805	0	0	0	-1
0.0986189842	1.48167193	-0.317245841	0.627307653	0.418480188	1	2	0	0	0	0	0.998328865	-0.0577889793	0	-0.0577889755	-0.998328805	0	0	0	-1
0.0981369764	1.47334504	-0.317245841	0.629144371	0.418480188	1	4	0	0	0	0	0.998328865	-0.0577889793	0	-0.0577889793	-0.998328865	0	0	0	-1
0.0986189842	1.48167193	-0.582754135	0.627307594	0.652447164	1	2	0	0	0	0	0.998328745	-0.0577897988	0	-0.0577897951	-0.998328745	0	0	0	-1
0.0991009921	1.4899987	-0.317245841	0.625470877	0.418480188	1	2	0	0	0	0	0.998328745	-0.0577897988	0	-0.0577897951	-0.998328745	0	0	0	-1
0.0986189842	1.48167193	-0.317245841	0.627307653	0.418480188	1	2	0	0	0	0	0.998328745	-0.0577897988	0	-0.0577897988	-0.998328805	0	0	0	-1
1.12550211	1.40226686	-0.414578229	0.604780316	0.745570362	1	18	0	0	0	0	0	0	-1	1.30371586e-06	-1	0	-1	-1.30371586e-06	0
1.15491283	1.40226686	-0.414578229	0.604780316	0.732614934	1	19	0	0	0	0	0	0	-1	1.30371586e-06	-1	0	-1	-1.30371586e-06	0
1.15408683	1.34540391	-0.414578229	0.617307246	0.732978821	1	19	0	0	0	0	0	0	-1	1.30371586e-06	-1	0	-1	-1.30371586e-06	0
1.12379992	1.40226686	-0.450167596	0.749316156	0.452038288	1	15	0	0	0	0	0	1	0	6.82521829e-07	0	1	1	0	-6.82521829e-07
1.06668055	1.40226686	-0.419630527	0.776225507	0.426872462	1	14	0	0	0	0	0	1	0	7.35510241e-07	0	1	1	0	-7.35510241e-07
1.12550211	1.40226686	-0.419630527	0.776225507	0.452788234	1	15	0	0	0	0	0	1	0	6.15862405e-07	0	1	1	0	-6.15862405e-07
1.15491283	1.40226686	-0.419630527	0.311784565	0.765419662	1	16	0	0	0	0	0	-3.27566738e-08	1	0	-1	-3.27566738e-08	1	0	0
1.12550211	1.40226686	-0.419630527	0.311784565	0.752464354	1	15	0	0	0	0	0	-3.27566738e-08	1	0	-1	-3.27566738e-08	1	0	0
1.12550211	1.34540379	-0.419630527	0.324311554	0.752464354	1	15	0	0	0	0	0	-3.27566738e-08	1	0	-1	-3.27566738e-08	1	0	0
1.12379992	1.34540379	-0.450167596	0.4432576	0.44514671	1	15	0	0	0	0	0	-1	0	0	0	1	-1	0	0
1.06668055	1.34540379	-0.419630527	0.470166981	0.470313281	1	14	0	0	0	0	0	-1	0	0	0	1	-1	0	0
1.18432367	1.34540379	-0.450167596	0.4432576	0.418480247	1	16	0	0	0	0	0	-1	0	-1.60866909e-06	0	1	-1	0	-1.60866909e-06
1.18432367	1.34540379	-0.419630527	0.470166981	0.418480217	1	16	0	0	0	0	0	-1	0	-2.21504547e-06	0	1	-1	0	-2.21504547e-06
1.15491283	1.34540379	-0.419630527	0.470166981	0.431438506	1	16	0	0	0	0	0	-1	0	-1.62673314e-06	0	1	-1	0	-1.62673314e-06
1.15408683	1.40226686	-0.450167596	0.749316156	0.465382159	1	16	0	0	0	0	0	1	0	3.94926047e-07	0	1	1	0	-3.94926047e-07
1.15491283	1.40226686	-0.419630527	0.776225507	0.465746075	1	16	0	0	0	0	0	1	0	2.50745586e-07	0	1	1	0	-2.50745586e-07
1.18432367	1.40226686	-0.450167596	0.749316156	0.478703916	1	16	0	0	0	0	0	1	0	1.41927643e-07	0	1	1	0	-1.41927643e-07
1.18432367	1.40226686	-0.450167596	0.579691112	0.798392534	1	16	0	0	0	0	1	0	0	0	-1	0	0	0	-1
1.18432367	1.34540379	-0.419630527	0.592217267	0.771483183	1	16	0	0	0	0	1	0	0	0	-1	0	0	0	-1
1.18432367	1.34540379	-0.450167596	0.592217267	0.798392534	1	16	0	0	0	0	1	0	0	0	-1	0	0	0	-1
1.15408683	1.40226686	-0.450167596	0.617307305	0.732978821	1	16	0	0	0	0	0	0	-1	0	-1	0	-1	0	0
1.12379992	1.34540379	-0.450167596	0.629834294	0.746320188	1	15	0	0	0	0	0	0	-1	0	-1	0	-1	0	0
1.12379992	1.40226686	-0.450167596	0.617307305	0.746320188	1	15	0	0	0	0	0	0	-1	0	-1	0	-1	0	0
1.12379992	1.34540379	-0.450167596	0.629834294	0.746320188	1	15	0	0	0	0	3.46478011e-08	0	-1	0	-1	0	-1	0	-3.46478011e-08
1.06668055	1.40226686	-0.450167596	0.617307305	0.771481216	1	14	0	0	0	0	3.46478011e-08	0	-1	0	-1	0	-1	0	-3.46478011e-08
1.12379992	1.40226686	-0.450167596	0.617307305	0.746320188	1	15	0	0	0	0	3.46478011e-08	0	-1	0	-1	0	-1	0	-3.46478011e-08
1.18432367	1.40226686	-0.450167596	0.617307305	0.719659567	1	16	0	0	0	0	0	0	-1	0	-1	0	-1	0	0
1.15408683	1.34540379	-0.450167596	0.629834294	0.732978821	1	16	0	0	0	0	0	0	-1	0	-1	0	-1	0	0
1.06668055	1.34540379	-0.484115392	0.413342655	0.470313281	1	11	0	0	0	0	0	-1	0	0	0	1	-1	0	0
1.12379992	1.34540379	-0.454177767	0.439723819	0.44514668	1	12	0	0	0	0	0	-1	0	0	0	1	-1	0	0
1.06668055	1.40226686	-0.454177767	0.745782375	0.426872462	1	11	0	0	0	0	0	1	0	0	0	1	1	0	0
1.12379992	1.40226686	-0.484115392	0.719401181	0.452038288	1	12	0	0	0	0	0	1	0	0	0	1	1	0	0
1.06668055	1.40226686	-0.484115392	0.719401181	0.426872462	1	11	0	0	0	0	0	1	0	0	0	1	1	0	0
1.12379992	1.34540379	-0.484115392	0.413342655	0.44514671	1	12	0	0	0	0	0	-1	0	-1.65060703e-06	0	1	-1	0	-1.65060703e-06
1.15408683	1.34540379	-0.454177767	0.439723819	0.431802452	1	13	0	0	0	0	0	-1	0	-5.60696662e-07	0	1	-1	0	-5.60696662e-07
1.12379992	1.34540379	-0.454177767	0.439723819	0.44514668	1	12	0	0	0	0	0	-1	0	-2.22003678e-06	0	1	-1	0	-2.22003678e-06
1.12379992	1.40226686	-0.454177767	0.745782375	0.452038288	1	12	0	0	0	0	0	1	0	0	0	1	1	0	0
1.15408683	1.40226686	-0.484115392	0.719401181	0.465382159	1	13	0	0	0	0	0	1	0	0	0	1	1	0	0
1.15408683	1.34540379	-0.484115392	0.413342655	0.431802452	1	13	0	0	0	0	0	-1	0	0	0	1	-1	0	0
1.18432379	1.34540379	-0.454177767	0.439723819	0.418480188	1	13	0	0	0	0	0	-1	0	0	0	1	-1	0	0
1.15408683	1.40226686	-0.454177767	0.745782375	0.465382159	1	13	0	0	0	0	0	1	0	0	0	1	1	0	0
1.18432379	1.40226686	-0.484115392	0.719401181	0.478703976	1	13	0	0	0	0	0	1	0	0	0	1	1	0	0
1.12379992	1.34540379	-0.454177767	0.592217982	0.744822562	1	12	0	0	0	0	0	1.63783369e-08	1	0	-1	1.63783369e-08	1	0	0
1.15408683	1.40226686	-0.454177767	0.579690993	0.758163869	1	13	0	0	0	0	0	1.63783369e-08	1	0	-1	1.63783369e-08	1	0	0
1.12379992	1.40226686	-0.454177767	0.579690993	0.744822562	1	12	0	0	0	0	0	1.63783369e-08	1	0	-1	1.63783369e-08	1	0	0
1.12379992	1.40226686	-0.484115392	0.311784595	0.701392591	1	12	0	0	0	0	0	6.55133476e-08	-1	0	-1	-6.55133476e-08	-1	0	0
1.15408683	1.40226686	-0.484115392	0.311784595	0.688051224	1	13	0	0	0	0	0	6.55133476e-08	-1	0	-1	-6.55133476e-08	-1	0	0
1.15408683	1.34540379	-0.484115392	0.324311584	0.688051224	1	13	0	0	0	0	0	6.55133476e-08	-1	0	-1	-6.55133476e-08	-1	0	0
1.18432379	1.34540379	-0.454177767	0.604744196	0.771483123	1	13	0	0	0	0	1	0	0	0	-1	-4.8609234e-08	0	4.8609234e-08	-1
1.18432379	1.40226686	-0.484115392	0.592218101	0.797864318	1	13	0	0	0	0	1	0	0	0	-1	-1.26166677e-08	0	1.26166677e-08	-1
1.18432379	1.40226686	-0.454177767	0.592218101	0.771483123	1	13	0	0	0	0	1	0	0	0	-1	1.63783369e-08	0	-1.63783369e-08	-1
1.15408683	1.40226686	-0.378988892	0.812039077	0.465382159	1	19	0	0	0	0	0	1	0	-3.49287006e-07	0	1	1	0	3.49287006e-07
1.15491283	1.40226686	-0.414578229	0.780677617	0.465746075	1	19	0	0	0	0	0	1	0	-2.2017872e-07	0	1	1	0	2.2017872e-07
1.18432367	1.40226686	-0.378988892	0.812039077	0.478703916	1	19	0	0	0	0	0	1	0	-1.33285113e-07	0	1	1	0	1.33285113e-07
1.18432367	1.40226686	-0.414578229	0.780677617	0.478703916	1	19	0	0	0	0	0	1	0	0	0	1	1	0	0
1.06668055	1.34540379	-0.350517422	0.604780257	0.665836334	1	21	0	0	0	0	0	-1	0	0	0	1	-1	0	0
1.06668055	1.40226686	-0.375217319	0.608103871	0.706270874	1	21	0	0	0	0	0	1	0	0	0	1	1	0	0
1.06668055	1.40226686	-0.350517422	0.311784565	0.66134578	1	21	0	0	0	0	0	0	1	0	-1	0	1	0	0
1.06668055	1.34540379	-0.375217319	0.583014607	0.665836334	1	21	0	0	0	0	0	-1	0	0	0	1	-1	0	0
1.09706938	1.34540379	-0.350517422	0.604780257	0.652447164	1	21	0	0	0	0	0	-1	0	0	0	1	-1	0	0
1.06668055	1.40226686	-0.350517422	0.629869521	0.706270874	1	21	0	0	0	0	0	1	0	0	0	1	1	0	0
1.09706938	1.40226686	-0.375217319	0.608103871	0.719659686	1	21	0	0	0	0	0	1	0	0	0	1	1	0	0
1.06668055	1.34540379	-0.350517422	0.324311554	0.66134578	1	21	0	0	0	0	0	0	1	0	-1	0	1	0	0
1.09706938	1.40226686	-0.350517422	0.311784565	0.67473191	1	21	0	0	0	0	0	0	1	0	-1	0	1	0	0
1.06668055	1.40226686	-0.375217319	0.560388803	0.782789052	1	21	0	0	0	0	0	0	-1	0	-1	0	-1	0	0
1.09706938	1.34540379	-0.375217319	0.572915792	0.769402802	1	21	0	0	0	0	0	0	-1	0	-1	0	-1	0	0
1.06668055	1.34540379	-0.375217319	0.572915792	0.782789052	1	21	0	0	0	0	0	0	-1	0	-1	0	-1	0	0
1.09706938	1.34540379	-0.350517422	0.604744196	0.797864318	1	21	0	0	0	0	1	0	0	0	-1	0	0	0	-1
1.09706938	1.40226686	-0.375217319	0.592218041	0.819629967	1	21	0	0	0	0	1	0	0	0	-1	0	0	0	-1
