36	78	MATRIX4
1	0	0	0	0	1	0	0	0	0	1	0	0	0	0	1
1	1.77662844e-08	-2.37755785e-07	0	2.38418636e-07	-0.0745172948	0.997219741	0	0	-0.997219741	-0.0745172948	0	0	4.43834877	-0.0566211082	1
1	0	-2.38418266e-07	0	2.38418693e-07	0.00187737506	0.999998271	0	0	-0.999998271	0.00187737506	0	0	5.20667267	0.000791933388	1
0.99999845	0.00163079356	1.51425684e-06	0	-5.36126936e-05	0.0319447406	0.999489307	0	0.00162991381	-0.999488711	0.0319448076	0	0	6.73925447	-0.00208530249	1
0.999994457	0.0032649783	0.000109595538	0	-4.06834188e-05	-0.0210776981	0.999777794	0	0.00326656573	-0.999773085	-0.0210774671	0	-0.00146884285	7.63997173	-0.030873267	1
0.999987781	0.00489748456	0.00016441835	0	-4.89536214e-05	-0.0235425048	0.999722958	0	0.00490000378	-0.999711752	-0.023542	0	-0.0047472883	8.64338112	-0.00971914455	1
0.999979138	0.00652994867	0.000218847228	0	-0.000222090908	0.000528292847	1.00000012	0	0.00652982993	-0.999978662	0.00052973174	0	-0.00750887953	9.20680809	0.00354888104	1
0.999967337	0.00816257298	0.000272877922	0	-0.000278200576	0.00066005718	1.00000107	0	0.00816238206	-0.999966145	0.000662304985	0	-0.0110306107	9.74612617	0.00326318108	1
0.999952257	0.00979509018	0.000326585869	0	-0.000334285229	0.000791867438	1.00000119	0	0.00979481917	-0.999951124	0.000795102096	0	-0.0153860105	10.2797022	0.00290977908	1
0.999934852	0.0114276679	0.000380141952	0	-0.000390704954	0.000923424785	1.00000107	0	0.0114273094	-0.999934375	0.000927827903	0	-0.0210947394	10.862505	0.00244636857	1
-0.154291943	0.0399447344	0.987217486	0	-0.752953529	0.642200768	-0.143663585	0	-0.639730453	-0.765495002	-0.0690098405	0	0	4.43834877	-0.0566211045	1
-0.154292062	-0.0399448611	-0.987217486	0	0.75295341	0.642200828	-0.143663749	0	0.639730453	-0.765494943	-0.0690098256	0	2.27271197e-08	4.43834877	-0.0566211082	1
-0.469665885	-0.052289255	-0.88129437	0	-0.87767601	-0.0801551789	0.472504079	0	-0.0953472033	0.995409966	-0.00824686605	0	0.5475142	4.47586966	-0.0333855376	1
-0.469669878	-0.0522896051	-0.881292284	0	-0.87767607	-0.0801552087	0.472504079	0	-0.0953471661	0.995409548	-0.0082468465	0	0.640668333	3.50335526	-0.0253283586	1
-0.469673991	-0.0522900186	-0.881290138	0	-0.882820189	0.0344872363	0.468443453	0	0.00589834247	0.998036265	-0.062360432	0	0.733822405	2.53084135	-0.0172712002	1
-0.469661206	-0.0522905104	-0.881296873	0	-0.882827103	0.034486495	0.468430609	0	0.00589836482	0.998036146	-0.062360432	0	0.7272048	1.41109717	0.0526939258	1
0.997288167	2.81589109e-05	-0.0735966265	0	-0.0271710511	-0.929213703	-0.368542731	0	-0.0683973655	0.369542927	-0.926692963	0	0.720587134	0.291352749	0.122659072	1
-1	5.77189257e-06	0	0	5.77189257e-06	1	0	0	0	0	-1	0	0.762688041	0.0638864636	0.693070233	1
-0.469664842	0.052289173	0.881294966	0	0.877675951	-0.0801558644	0.47250402	0	0.0953478068	0.995409906	-0.0082465522	0	-0.5475142	4.47586966	-0.0333854966	1
-0.469669431	0.0522896051	0.881292343	0	0.877675891	-0.0801558569	0.472503632	0	0.095347777	0.995409608	-0.00824657362	0	-0.640668929	3.50335526	-0.025328625	1
-0.4696742	0.0522899851	0.881290019	0	0.882820189	0.0344877429	0.468443394	0	-0.00589880534	0.998036325	-0.0623606555	0	-0.733823597	2.53084111	-0.017271731	1
-0.469660789	0.0522905551	0.881296933	0	0.882827103	0.0344869569	0.46843031	0	-0.00589876715	0.998036027	-0.0623606853	0	-0.727205455	1.41109645	0.0526936688	1
0.997288108	-2.84469206e-05	0.0735964924	0	0.0271708462	-0.929213166	-0.368544072	0	0.0683972985	0.369544238	-0.926692486	0	-0.720587373	0.291352272	0.122659087	1
-0.99999994	0.000354327989	0	0	0.000354327989	0.99999994	0	0	0	0	-1	0	-0.76268822	0.063885361	0.693069518	1
0.0774138942	-0.0102725402	0.996946394	0	0.433107436	0.901013553	-0.0243475977	0	-0.898011804	0.433669478	0.0741998181	0	0.385857314	8.62384796	0.0228772685	1
-0.902145922	-0.514138401	0.0610342361	0	0.353790373	-0.522635996	0.826810062	0	-0.335900337	0.655658484	0.558180153	0	1.05641329	8.32275391	-0.00770991994	1
-0.961642861	-0.368843764	-0.145438179	0	0.119578719	-0.633603096	0.816212654	0	-0.335892826	0.655643582	0.558167696	0	1.4904623	7.47551489	-0.728987873	1
-0.943871915	-0.144458979	-0.398315489	0	-0.403461725	0.603457749	0.73720783	0	0.116836227	0.747546732	-0.547978342	0	1.92450154	6.62829494	-1.45024967	1
-1.01173151	-0.000481513445	-0.216371372	0	-0.173420131	0.620507061	0.809514582	0	0.116836242	0.74754715	-0.547978461	0	1.74466836	5.4776783	-0.606806815	1
-0.884266257	0.453475773	-0.111500695	0	-0.109242804	0.0312667191	0.99352318	0	0.454024881	0.890719712	0.0218908451	0	1.56483507	4.32706022	0.236636758	1
0.0775640979	0.0107785976	-0.996929169	0	-0.438976347	0.89816612	-0.0244433824	0	0.895144463	0.439524174	0.0743967444	0	-0.395223111	8.62129784	0.022791449	1
-0.932160914	0.455317229	-0.0403468683	0	-0.281237036	-0.499044448	0.865867257	0	0.322009951	0.704491794	0.510625422	0	-1.06379199	8.31583214	-0.00794278737	1
-0.971517205	0.331644565	0.155098438	0	-0.0647586733	-0.58854115	0.852827609	0	0.32200253	0.70447588	0.510613739	0	-1.4798919	7.40549088	-0.667770863	1
-0.947018623	0.157094598	0.380470663	0	0.405723184	0.517310739	0.796278298	0	-0.0630900338	0.799025714	-0.486949712	0	-1.89598215	6.49517012	-1.32758367	1
-0.998623252	0.0746686831	0.251905411	0	0.253389686	0.5354563	0.845789552	0	-0.0630899817	0.799026072	-0.48694995	0	-1.79887462	5.26531696	-0.57807523	1
-0.924133003	-0.367694497	0.103819609	0	0.258302331	-0.401038945	0.878889918	0	-0.281527221	0.83902812	0.465589821	0	-1.70176709	4.03546333	0.171433687	1
1	0	0	0	0	1	0	0	0	0	1	0	0	0	0	1
1	1.77662844e-08	-2.37755785e-07	0	2.38418636e-07	-0.0745172948	0.997219741	0	0	-0.997219741	-0.0745172948	0	0	4.43834877	-0.0566211082	1
1	0	-2.38418266e-07	0	2.38418693e-07	0.00187737506	0.999998271	0	0	-0.999998271	0.00187737506	0	0	5.20667267	0.000791933388	1
0.999978244	0.00639471877	4.70485202e-06	0	-0.000211443679	0.0323306881	0.999473333	0	0.00639123237	-0.999456942	0.0323315002	0	0	6.73925447	-0.00208530249	1
0.999918044	0.01280287	0.00042537463	0	-0.000165286576	-0.0203063916	0.999793589	0	0.0128088733	-0.999712348	-0.0203026235	0	-0.00575963967	7.63994312	-0.0312217474	1
0.99981612	0.0192038212	0.000633394578	0	-0.000203293472	-0.0223860741	0.999749482	0	0.0192131661	-0.999564588	-0.0223780293	0	-0.0186150968	8.64329147	-0.0108452868	1
0.999671161	0.0256043486	0.000837754575	0	-0.000890795724	0.00206257496	0.999996364	0	0.0256026424	-0.999672771	0.00208471436	0	-0.0294434372	9.20663548	0.00176673755	1
0.999487579	0.0320037492	0.0010388759	0	-0.00112187117	0.00257460633	0.999995828	0	0.0320009664	-0.999485373	0.00260919333	0	-0.0432517007	9.74578857	0.000642389292	1
0.99926126	0.0384017639	0.00123654446	0	-0.00135607156	0.00308516272	0.999993622	0	0.0383978002	-0.999258995	0.00313496706	0	-0.0603272319	10.279108	-0.000749861123	1
0.998995364	0.0447985865	0.0014309457	0	-0.00159355847	0.00359410513	0.99999249	0	0.0447930694	-0.998989344	0.0036618805	0	-0.0827066749	10.8615074	-0.00257701846	1
-0.154291943	0.0399447344	0.987217486	0	-0.752953529	0.642200768	-0.143663585	0	-0.639730453	-0.765495002	-0.0690098405	0	0	4.43834877	-0.0566211045	1
-0.154292062	-0.0399448611	-0.987217486	0	0.75295341	0.642200828	-0.143663749	0	0.639730453	-0.765494943	-0.0690098256	0	2.27271197e-08	4.43834877	-0.0566211082	1
-0.469665885	-0.052289255	-0.88129437	0	-0.87767601	-0.0801551789	0.472504079	0	-0.0953472033	0.995409966	-0.00824686605	0	0.5475142	4.47586966	-0.0333855376	1
-0.469669878	-0.0522896051	-0.881292284	0	-0.87767607	-0.0801552087	0.472504079	0	-0.0953471661	0.995409548	-0.0082468465	0	0.640668333	3.50335526	-0.0253283586	1
-0.469673991	-0.0522900186	-0.881290138	0	-0.882820189	0.0344872363	0.468443453	0	0.00589834247	0.998036265	-0.062360432	0	0.733822405	2.53084135	-0.0172712002	1
-0.469661206	-0.0522905104	-0.881296873	0	-0.882827103	0.034486495	0.468430609	0	0.00589836482	0.998036146	-0.062360432	0	0.7272048	1.41109717	0.0526939258	1
0.997288167	2.81589109e-05	-0.0735966265	0	-0.0271710511	-0.929213703	-0.368542731	0	-0.0683973655	0.369542927	-0.926692963	0	0.720587134	0.291352749	0.122659072	1
-1	5.77189257e-06	0	0	5.77189257e-06	1	0	0	0	0	-1	0	0.762688041	0.0638864636	0.693070233	1
-0.469664842	0.052289173	0.881294966	0	0.877675951	-0.0801558644	0.47250402	0	0.0953478068	0.995409906	-0.0082465522	0	-0.5475142	4.47586966	-0.0333854966	1
-0.469669431	0.0522896051	0.881292343	0	0.877675891	-0.0801558569	0.472503632	0	0.095347777	0.995409608	-0.00824657362	0	-0.640668929	3.50335526	-0.025328625	1
-0.4696742	0.0522899851	0.881290019	0	0.882820189	0.0344877429	0.468443394	0	-0.00589880534	0.998036325	-0.0623606555	0	-0.733823597	2.53084111	-0.017271731	1
-0.469660789	0.0522905551	0.881296933	0	0.882827103	0.0344869569	0.46843031	0	-0.00589876715	0.998036027	-0.0623606853	0	-0.727205455	1.41109645	0.0526936688	1
0.997288108	-2.84469206e-05	0.0735964924	0	0.0271708462	-0.929213166	-0.368544072	0	0.0683972985	0.369544238	-0.926692486	0	-0.720587373	0.291352272	0.122659087	1
-0.99999994	0.000354327989	0	0	0.000354327989	0.99999994	0	0	0	0	-1	0	-0.76268822	0.063885361	0.693069518	1
0.077183634	-0.00876492355	0.996978343	0	0.424502045	0.905084729	-0.024907073	0	-0.902131438	0.425141782	0.0735782757	0	0.372147471	8.62751007	0.0218905527	1
-0.901208103	-0.51537019	0.0634687841	0	0.355046749	-0.518813431	0.828604639	0	-0.336755097	0.657326758	0.555866778	0	1.04555488	8.33280182	-0.00825001672	1
-0.96115905	-0.370390147	-0.144293293	0	0.120123923	-0.630552948	0.818418741	0	-0.336747438	0.657311857	0.555854023	0	1.48070836	7.48340702	-0.726538658	1
-0.943522394	-0.146655709	-0.398181736	0	-0.40511179	0.600182354	0.7388888	0	0.11402598	0.749409914	-0.546211183	0	1.91585183	6.6340313	-1.44481075	1
-1.01175737	-0.00343817146	-0.215929717	0	-0.175204337	0.617830813	0.811097801	0	0.11402601	0.749410093	-0.546211302	0	1.74034417	5.48054695	-0.604087889	1
-0.884266257	0.453475773	-0.111500695	0	-0.109242804	0.0312667191	0.99352318	0	0.454024881	0.890719712	0.0218908451	0	1.56483638	4.32706165	0.236635685	1
0.0777824968	0.0107491445	-0.996912181	0	-0.447514981	0.893919468	-0.0252782423	0	0.890887499	0.448099375	0.0743414387	0	-0.408873171	8.61750984	0.0215580817	1
-0.932559431	0.454710454	-0.0400018133	0	-0.281943142	-0.502237022	0.863883555	0	0.32072255	0.70292449	0.513333321	0	-1.07448792	8.30565834	-0.00915261917	1
-0.972032666	0.330624223	0.154575914	0	-0.0658299178	-0.591355503	0.850892484	0	0.320715278	0.702908337	0.513321519	0	-1.48892426	7.39734221	-0.672479808	1
-0.947778165	0.155276224	0.379533082	0	0.403677076	0.521383882	0.79475987	0	-0.0654845387	0.797036886	-0.489616573	0	-1.90335107	6.48904705	-1.33579159	1
-0.999056995	0.0722350031	0.251210272	0	0.251243889	0.539197564	0.844145358	0	-0.0654845536	0.797036767	-0.489616752	0	-1.80255783	5.26225519	-0.582178354	1
-0.924133003	-0.367694497	0.103819609	0	0.258302331	-0.401038945	0.878889918	0	-0.281527221	0.83902812	0.465589821	0	-1.70176458	4.03546333	0.171435297	1
1	0	0	0	0	1	0	0	0	0	1	0	0	0	0	1
1	1.77662844e-08	-2.37755785e-07	0	2.38418636e-07	-0.0745172948	0.997219741	0	0	-0.997219741	-0.0745172948	0	0	4.43834877	-0.0566211082	1
1	0	-2.38418266e-07	0	2.38418693e-07	0.00187737506	0.999998271	0	0	-0.999998271	0.00187737506	0	0	5.20667267	0.000791933388	1
0.99989289	0.0141865173	5.90895797e-06	0	-0.000473482098	0.0329615846	0.999437571	0	0.014178711	-0.999356329	0.0329656266	0	0	6.73925447	-0.00208530249	1
0.999596179	0.0284016263	0.000925641798	0	-0.000384665764	-0.0190472994	0.999818444	0	0.0284141246	-0.999415934	-0.0190287009	0	-0.0127775455	7.63985252	-0.0317932069	1
0.999091387	0.0425960645	0.00136416417	0	-0.000491098268	-0.0204991736	0.999789357	0	0.0426151007	-0.998882592	-0.0204596482	0	-0.0412950069	8.64290333	-0.0126953013	1
0.998385012	0.0567824244	0.00178588997	0	-0.00204718229	0.00454409886	0.999986827	0	0.0567736216	-0.998376608	0.00465300959	0	-0.0653124303	9.205863	-0.00116445683	1
0.997477412	0.0709577352	0.00219086255	0	-0.00259897579	0.0056613558	0.999979734	0	0.0709439665	-0.997463882	0.00583149772	0	-0.095932126	9.74431705	-0.00367396278	1
0.996367753	0.085119158	0.00257901079	0	-0.00316656963	0.00677065318	0.999970734	0	0.0850994363	-0.996349573	0.00701561663	0	-0.133787423	10.2765579	-0.00678561628	1
0.995057404	0.0992639884	0.00295026531	0	-0.00374989677	0.00787176657	0.99996084	0	0.0992369652	-0.995030344	0.00820509624	0	-0.183386058	10.8572617	-0.0108745378	1
-0.154291943	0.0399447344	0.987217486	0	-0.752953529	0.642200768	-0.143663585	0	-0.639730453	-0.765495002	-0.0690098405	0	0	4.43834877	-0.0566211045	1
-0.154292062	-0.0399448611	-0.987217486	0	0.75295341	0.642200828	-0.143663749	0	0.639730453	-0.765494943	-0.0690098256	0	2.27271197e-08	4.43834877	-0.0566211082	1
-0.469665885	-0.052289255	-0.88129437	0	-0.87767601	-0.0801551789	0.472504079	0	-0.0953472033	0.995409966	-0.00824686605	0	0.5475142	4.47586966	-0.0333855376	1
-0.469669878	-0.0522896051	-0.881292284	0	-0.87767607	-0.0801552087	0.472504079	0	-0.0953471661	0.995409548	-0.0082468465	0	0.640668333	3.50335526	-0.0253283586	1
-0.469673991	-0.0522900186	-0.881290138	0	-0.882820189	0.0344872363	0.468443453	0	0.00589834247	0.998036265	-0.062360432	0	0.733822405	2.53084135	-0.0172712002	1
-0.469661206	-0.0522905104	-0.881296873	0	-0.882827103	0.034486495	0.468430609	0	0.00589836482	0.998036146	-0.062360432	0	0.7272048	1.41109717	0.0526939258	1
0.997288167	2.81589109e-05	-0.0735966265	0	-0.0271710511	-0.929213703	-0.368542731	0	-0.0683973655	0.369542927	-0.926692963	0	0.720587134	0.291352749	0.122659072	1
-1	5.77189257e-06	0	0	5.77189257e-06	1	0	0	0	0	-1	0	0.762688041	0.0638864636	0.693070233	1
-0.469664842	0.052289173	0.881294966	0	0.877675951	-0.0801558644	0.47250402	0	0.0953478068	0.995409906	-0.0082465522	0	-0.5475142	4.47586966	-0.0333854966	1
-0.469669431	0.0522896051	0.881292343	0	0.877675891	-0.0801558569	0.472503632	0	0.095347777	0.995409608	-0.00824657362	0	-0.640668929	3.50335526	-0.025328625	1
-0.4696742	0.0522899851	0.881290019	0	0.882820189	0.0344877429	0.468443394	0	-0.00589880534	0.998036325	-0.0623606555	0	-0.733823597	2.53084111	-0.017271731	1
-0.469660789	0.0522905551	0.881296933	0	0.882827103	0.0344869569	0.46843031	0	-0.00589876715	0.998036027	-0.0623606853	0	-0.727205455	1.41109645	0.0526936688	1
0.997288108	-2.84469206e-05	0.0735964924	0	0.0271708462	-0.929213166	-0.368544072	0	0.0683972985	0.369544238	-0.926692486	0	-0.720587373	0.291352272	0.122659087	1
-0.99999994	0.000354327989	0	0	0.000354327989	0.99999994	0	0	0	0	-1	0	-0.76268822	0.063885361	0.693069518	1
0.0767763108	-0.00630409596	0.997028708	0	0.410344094	0.911565125	-0.0258351285	0	-0.908693492	0.411108166	0.0725733116	0	0.349648654	8.63326073	0.020262368	1
-0.899666846	-0.517368138	0.0674218833	0	0.357065499	-0.512552381	0.831510842	0	-0.338184565	0.660023034	0.552067876	0	1.02758753	8.34905624	-0.00915692188	1
-0.960352242	-0.372928739	-0.142436728	0	0.121000819	-0.625552475	0.821999729	0	-0.338176936	0.660008073	0.552055359	0	1.46458817	7.4961772	-0.722536683	1
-0.942936599	-0.150276184	-0.397960931	0	-0.407791078	0.594800889	0.74162209	0	0.109388992	0.752424121	-0.543315351	0	1.9015789	6.6433177	-1.43590021	1
-1.01178038	-0.00830690935	-0.215211809	0	-0.17810905	0.613434494	0.813670814	0	0.109388933	0.752424598	-0.54331553	0	1.73320842	5.48519373	-0.599634588	1
-0.884266257	0.453475773	-0.111500695	0	-0.109242804	0.0312667191	0.99352318	0	0.454024881	0.890719712	0.0218908451	0	1.56483793	4.32706833	0.23663187	1
0.0781399757	0.0107057914	-0.996885002	0	-0.461392432	0.886796415	-0.026642574	0	0.88374871	0.462036878	0.0742335394	0	-0.431120753	8.61107731	0.0195391476	1
-0.933232009	0.453692228	-0.0393645763	0	-0.283007652	-0.507466674	0.860634863	0	0.318630666	0.70033443	0.517724037	0	-1.09177315	8.28883934	-0.011120026	1
-0.972871244	0.328954071	0.153767258	0	-0.0675224885	-0.595952332	0.847711265	0	0.318623483	0.700317979	0.517712116	0	-1.50350642	7.38387012	-0.680120885	1
-0.949008346	0.152324766	0.378011197	0	0.40032354	0.527989626	0.792262912	0	-0.0693439171	0.793752134	-0.493943244	0	-1.91523027	6.47892237	-1.34910619	1
-0.999750793	0.0682888404	0.250091463	0	0.24773483	0.54526341	0.841443121	0	-0.0693438575	0.793752432	-0.493943363	0	-1.80849671	5.25718641	-0.588833392	1
-0.924133003	-0.367694497	0.103819609	0	0.258302331	-0.401038945	0.878889918	0	-0.281527221	0.83902812	0.465589821	0	-1.70176327	4.03544998	0.171439707	1
1	0	0	0	0	1	0	0	0	0	1	0	0	0	0	1
1	1.77662844e-08	-2.37755785e-07	0	2.38418636e-07	-0.0745172948	0.997219741	0	0	-0.997219741	-0.0745172948	0	0	4.43834877	-0.0566211082	1
1	0	-2.38418266e-07	0	2.38418693e-07	0.00187737506	0.999998271	0	0	-0.999998271	0.00187737506	0	0	5.20667267	0.000791933388	1
0.999667823	0.0249845739	-7.80176151e-07	0	-0.000844403578	0.0338352583	0.999367952	0	0.0249707978	-0.999115586	0.0338478126	0	0	6.73925447	-0.00208530249	1
0.998746932	0.0500115752	0.00158631545	0	-0.000721365737	-0.0173080228	0.99984926	0	0.0500315726	-0.998599112	-0.0172502864	0	-0.0225031395	7.63963556	-0.0325882137	1
0.99718225	0.0749805644	0.00230254047	0	-0.00096300093	-0.0178958438	0.999839067	0	0.0750097558	-0.997024655	-0.017773224	0	-0.0727166682	8.64186668	-0.0152751915	1
0.994992077	0.0999039114	0.00296645495	0	-0.0037764567	0.00792133249	0.999960899	0	0.099876821	-0.994967461	0.00825897139	0	-0.114991382	9.20377922	-0.00525838789	1
0.992180288	0.124766439	0.00357791688	0	-0.00484285271	0.00983958412	0.999940455	0	0.124723718	-0.992137849	0.0103668598	0	-0.168857917	9.74039459	-0.00971269608	1
0.988745511	0.149551734	0.0041364464	0	-0.00595673127	0.0117305685	0.999913275	0	0.149490386	-0.98868525	0.012489398	0	-0.235409766	10.2697935	-0.0152443927	1
0.984691918	0.174244478	0.00464155618	0	-0.00711753685	0.0135929938	0.999882221	0	0.174160808	-0.98460871	0.0146250995	0	-0.322537482	10.8460302	-0.0225236062	1
-0.154291943	0.0399447344	0.987217486	0	-0.752953529	0.642200768	-0.143663585	0	-0.639730453	-0.765495002	-0.0690098405	0	0	4.43834877	-0.0566211045	1
-0.154292062	-0.0399448611	-0.987217486	0	0.75295341	0.642200828	-0.143663749	0	0.639730453	-0.765494943	-0.0690098256	0	2.27271197e-08	4.43834877	-0.0566211082	1
-0.469665885	-0.052289255	-0.88129437	0	-0.87767601	-0.0801551789	0.472504079	0	-0.0953472033	0.995409966	-0.00824686605	0	0.5475142	4.47586966	-0.0333855376	1
-0.469669878	-0.0522896051	-0.881292284	0	-0.87767607	-0.0801552087	0.472504079	0	-0.0953471661	0.995409548	-0.0082468465	0	0.640668333	3.50335526	-0.0253283586	1
-0.469673991	-0.0522900186	-0.881290138	0	-0.882820189	0.0344872363	0.468443453	0	0.00589834247	0.998036265	-0.062360432	0	0.733822405	2.53084135	-0.0172712002	1
-0.469661206	-0.0522905104	-0.881296873	0	-0.882827103	0.034486495	0.468430609	0	0.00589836482	0.998036146	-0.062360432	0	0.7272048	1.41109717	0.0526939258	1
0.997288167	2.81589109e-05	-0.0735966265	0	-0.0271710511	-0.929213703	-0.368542731	0	-0.0683973655	0.369542927	-0.926692963	0	0.720587134	0.291352749	0.122659072	1
-1	5.77189257e-06	0	0	5.77189257e-06	1	0	0	0	0	-1	0	0.762688041	0.0638864636	0.693070233	1
-0.469664842	0.052289173	0.881294966	0	0.877675951	-0.0801558644	0.47250402	0	0.0953478068	0.995409906	-0.0082465522	0	-0.5475142	4.47586966	-0.0333854966	1
-0.469669431	0.0522896051	0.881292343	0	0.877675891	-0.0801558569	0.472503632	0	0.095347777	0.995409608	-0.00824657362	0	-0.640668929	3.50335526	-0.025328625	1
-0.4696742	0.0522899851	0.881290019	0	0.882820189	0.0344877429	0.468443394	0	-0.00589880534	0.998036325	-0.0623606555	0	-0.733823597	2.53084111	-0.017271731	1
-0.469660789	0.0522905551	0.881296933	0	0.882827103	0.0344869569	0.46843031	0	-0.00589876715	0.998036027	-0.0623606853	0	-0.727205455	1.41109645	0.0526936688	1
0.997288108	-2.84469206e-05	0.0735964924	0	0.0271708462	-0.929213166	-0.368544072	0	0.0683972985	0.369544238	-0.926692486	0	-0.720587373	0.291352272	0.122659087	1
-0.99999994	0.000354327989	0	0	0.000354327989	0.99999994	0	0	0	0	-1	0	-0.76268822	0.063885361	0.693069518	1
0.0761480406	-0.0029041532	0.997091949	0	0.390556782	0.920178473	-0.027146956	0	-0.917423785	0.391488433	0.0712038875	0	0.318319023	8.64073849	0.0179772899	1
-0.897517323	-0.520100772	0.072840929	0	0.359784901	-0.503856659	0.835482717	0	-0.340228677	0.663695157	0.546769321	0	1.00226617	8.3712101	-0.0104599381	1
-0.959205568	-0.376464367	-0.139897555	0	0.122181088	-0.61859715	0.826910734	0	-0.340220988	0.663680136	0.546757042	0	1.44190812	7.51358604	-0.716992915	1
-0.942093611	-0.155349359	-0.39765054	0	-0.41146192	0.587289095	0.745379269	0	0.102878623	0.756537139	-0.539289653	0	1.88154018	6.65598154	-1.42350996	1
-1.01176941	-0.0151221016	-0.214225978	0	-0.182106778	0.607300103	0.817204535	0	0.102878638	0.756536901	-0.539289773	0	1.72319043	5.49152708	-0.593440592	1
-0.884266257	0.453475773	-0.111500695	0	-0.109242804	0.0312667191	0.99352318	0	0.454024881	0.890719712	0.0218908451	0	1.56484056	4.32707214	0.236629426	1
0.0786365941	0.0106549375	-0.996845841	0	-0.480438977	0.876563966	-0.0285305697	0	0.873495281	0.481167436	0.0740488172	0	-0.461786926	8.60167503	0.0167380273	1
-0.934286356	0.452148288	-0.0382998958	0	-0.284187168	-0.514697373	0.856224477	0	0.315713644	0.696720362	0.52360332	0	-1.11529386	8.26517391	-0.0138238184	1
-0.97407645	0.326583594	0.152771994	0	-0.0696478039	-0.602250636	0.843365133	0	0.315706402	0.69670397	0.52359134	0	-1.52325773	7.36487484	-0.690421879	1
-0.950725198	0.148287877	0.375937551	0	0.395684719	0.536965728	0.788858593	0	-0.0745340288	0.789124727	-0.499761224	0	-1.93121219	6.46459723	-1.36700428	1
-1.00071967	0.0629152507	0.248589963	0	0.242905721	0.553500652	0.837752521	0	-0.0745340437	0.789124906	-0.499761403	0	-1.81649005	5.24998379	-0.597776473	1
-0.924133003	-0.367694497	0.103819609	0	0.258302331	-0.401038945	0.878889918	0	-0.281527221	0.83902812	0.465589821	0	-1.70176792	4.03536987	0.171451747	1
1	0	0	0	0	1	0	0	0	0	1	0	0	0	0	1
1	1.77662844e-08	-2.37755785e-07	0	2.38418636e-07	-0.0745172948	0.997219741	0	0	-0.997219741	-0.0745172948	0	0	4.43834877	-0.0566211082	1
1	0	-2.38418266e-07	0	2.38418693e-07	0.00187737506	0.999998271	0	0	-0.999998271	0.00187737506	0	0	5.20667267	0.000791933388	1
0.999246538	0.0388096683	-2.27371293e-05	0	-0.00133497966	0.0349575132	0.99938792	0	0.0387867205	-0.998635173	0.0349829905	0	0	6.73925447	-0.00208530249	1
0.996977508	0.0776533857	0.00237592333	0	-0.00120733399	-0.0150919082	0.999885201	0	0.0776803344	-0.996865928	-0.0149525395	0	-0.0349537469	7.63920259	-0.0336112119	1
0.993204236	0.116338581	0.00337616075	0	-0.00169031892	-0.0145864245	0.999892235	0	0.116375208	-0.993102252	-0.0142906383	0	-0.112916589	8.63969421	-0.0186042935	1
0.987928987	0.15485096	0.00424875785	0	-0.00620182464	0.0121318353	0.999907196	0	0.154784903	-0.987862766	0.0129457386	0	-0.178504437	9.19939613	-0.0105502391	1
0.981159747	0.193131506	0.00499257119	0	-0.0080407327	0.0150024332	0.999854505	0	0.193028808	-0.981058657	0.0162727274	0	-0.261984527	9.73217964	-0.0175322592	1
0.972908676	0.231122792	0.00560649671	0	-0.00998977944	0.0177993141	0.999791801	0	0.230974659	-0.972761154	0.0196259543	0	-0.364983588	10.2556667	-0.0262152925	1
0.963186026	0.268766046	0.00608957559	0	-0.0120459031	0.0205180999	0.999716699	0	0.268564939	-0.962986469	0.0230002757	0	-0.499602884	10.8226223	-0.0376539156	1
-0.154291943	0.0399447344	0.987217486	0	-0.752953529	0.642200768	-0.143663585	0	-0.639730453	-0.765495002	-0.0690098405	0	0	4.43834877	-0.0566211045	1
-0.154292062	-0.0399448611	-0.987217486	0	0.75295341	0.642200828	-0.143663749	0	0.639730453	-0.765494943	-0.0690098256	0	2.27271197e-08	4.43834877	-0.0566211082	1
-0.469665885	-0.052289255	-0.88129437	0	-0.87767601	-0.0801551789	0.472504079	0	-0.0953472033	0.995409966	-0.00824686605	0	0.5475142	4.47586966	-0.0333855376	1
-0.469669878	-0.0522896051	-0.881292284	0	-0.87767607	-0.0801552087	0.472504079	0	-0.0953471661	0.995409548	-0.0082468465	0	0.640668333	3.50335526	-0.0253283586	1
-0.469673991	-0.0522900186	-0.881290138	0	-0.882820189	0.0344872363	0.468443453	0	0.00589834247	0.998036265	-0.062360432	0	0.733822405	2.53084135	-0.0172712002	1
-0.469661206	-0.0522905104	-0.881296873	0	-0.882827103	0.034486495	0.468430609	0	0.00589836482	0.998036146	-0.062360432	0	0.7272048	1.41109717	0.0526939258	1
0.997288167	2.81589109e-05	-0.0735966265	0	-0.0271710511	-0.929213703	-0.368542731	0	-0.0683973655	0.369542927	-0.926692963	0	0.720587134	0.291352749	0.122659072	1
-1	5.77189257e-06	0	0	5.77189257e-06	1	0	0	0	0	-1	0	0.762688041	0.0638864636	0.693070233	1
-0.469664842	0.052289173	0.881294966	0	0.877675951	-0.0801558644	0.47250402	0	0.0953478068	0.995409906	-0.0082465522	0	-0.5475142	4.47586966	-0.0333854966	1
-0.469669431	0.0522896051	0.881292343	0	0.877675891	-0.0801558569	0.472503632	0	0.095347777	0.995409608	-0.00824657362	0	-0.640668929	3.50335526	-0.025328625	1
-0.4696742	0.0522899851	0.881290019	0	0.882820189	0.0344877429	0.468443394	0	-0.00589880534	0.998036325	-0.0623606555	0	-0.733823597	2.53084111	-0.017271731	1
-0.469660789	0.0522905551	0.881296933	0	0.882827103	0.0344869569	0.46843031	0	-0.00589876715	0.998036027	-0.0623606853	0	-0.727205455	1.41109645	0.0526936688	1
0.997288108	-2.84469206e-05	0.0735964924	0	0.0271708462	-0.929213166	-0.368544072	0	0.0683972985	0.369544238	-0.926692486	0	-0.720587373	0.291352272	0.122659087	1
-0.99999994	0.000354327989	0	0	0.000354327989	0.99999994	0	0	0	0	-1	0	-0.76268822	0.063885361	0.693069518	1
0.075236395	0.00142888795	0.997164547	0	0.364953279	0.930578113	-0.0288695972	0	-0.92798084	0.366090536	0.0694916993	0	0.277968198	8.64946938	0.0150039699	1
-0.894738197	-0.523544729	0.0796804056	0	0.363140196	-0.492693245	0.840468407	0	-0.342953026	0.668281734	0.539934516	0	0.969143629	8.39892101	-0.0122072659	1
-0.957685709	-0.381024688	-0.136700854	0	0.123638377	-0.609653652	0.833105743	0	-0.342945337	0.668266475	0.539922237	0	1.41230607	7.53537035	-0.709908307	1
-0.940962374	-0.161936596	-0.397246599	0	-0.416085988	0.577589333	0.75013423	0	0.0944052711	0.76168406	-0.53411752	0	1.8554585	6.67183924	-1.40759349	1
-1.01168323	-0.0239577591	-0.21298039	0	-0.187173143	0.599381804	0.82167238	0	0.0944053605	0.761684477	-0.534117579	0	1.71015084	5.4994626	-0.585485041	1
-0.884266257	0.453475773	-0.111500695	0	-0.109242804	0.0312667191	0.99352318	0	0.454024881	0.890719712	0.0218908451	0	1.56484294	4.32708454	0.236624002	1
0.0792739838	0.010605786	-0.996796072	0	-0.504499197	0.862857461	-0.030941816	0	0.859764993	0.505335808	0.0737525225	0	-0.500755489	8.58881569	0.0131479539	1
-0.935581982	0.450288385	-0.0367824435	0	-0.285672367	-0.524089336	0.850381136	0	0.312093705	0.69184339	0.531225741	0	-1.14466453	8.23427963	-0.0172452796	1
-0.975552022	0.323683947	0.151583597	0	-0.072404772	-0.610466123	0.837579787	0	0.312086612	0.691827416	0.531213522	0	-1.54795074	7.34028244	-0.703693032	1
-0.95286727	0.143200696	0.373310596	0	0.389702082	0.548442245	0.7843256	0	-0.0810555741	0.783021986	-0.507257164	0	-1.95122766	6.44630623	-1.3901248	1
-1.00190222	0.0561122559	0.246712878	0	0.236677617	0.564045012	0.832862735	0	-0.0810555965	0.783022285	-0.507257402	0	-1.82646763	5.24108601	-0.609359324	1
-0.924133003	-0.367694497	0.103819609	0	0.258302331	-0.401038945	0.878889918	0	-0.281527221	0.83902812	0.465589821	0	-1.7017076	4.03586531	0.171406627	1
1	0	0	0	0	1	0	0	0	0	1	0	0	0	0	1
1	1.77662844e-08	-2.37755785e-07	0	2.38418636e-07	-0.0745172948	0.997219741	0	0	-0.997219741	-0.0745172948	0	0	4.43834877	-0.0566211082	1
1	0	-2.38418266e-07	0	2.38418693e-07	0.00187737506	0.999998271	0	0	-0.999998271	0.00187737506	0	0	5.20667267	0.000791933388	1
0.998448789	0.0556703769	-7.12416295e-05	0	-0.0019540044	0.0363237336	0.999337792	0	0.0556361899	-0.997789025	0.0363762304	0	0	6.73925447	-0.00208530249	1
0.993780673	0.111307397	0.00325288274	0	-0.0018833814	-0.0124067646	0.999921381	0	0.11133913	-0.993709803	-0.0121199815	0	-0.0501381233	7.63844013	-0.0348667689	1
0.986025155	0.16653803	0.00448908657	0	-0.00276330765	-0.0105927363	0.999940217	0	0.166575566	-0.985978305	-0.00998450443	0	-0.161882177	8.63576412	-0.0227027088	1
0.975200891	0.221255332	0.00545917079	0	-0.00947159622	0.0170779172	0.999809504	0	0.221119747	-0.975065887	0.0187500231	0	-0.255762428	9.19145107	-0.0170755461	1
0.961341858	0.275287867	0.00616040314	0	-0.0124151297	0.0209838059	0.999702632	0	0.275076747	-0.961132348	0.0235903431	0	-0.375018865	9.71733284	-0.0271879882	1
0.9444924	0.328467131	0.00659061549	0	-0.0155715123	0.0247190595	0.999573052	0	0.328164011	-0.944191754	0.0284616966	0	-0.521798253	10.2301874	-0.0397756584	1
0.92470479	0.380625546	0.00674839318	0	-0.018930871	0.0282718763	0.999421	0	0.380214363	-0.924297035	0.0333487056	0	-0.713062525	10.7804918	-0.0563640296	1
-0.154291943	0.0399447344	0.987217486	0	-0.752953529	0.642200768	-0.143663585	0	-0.639730453	-0.765495002	-0.0690098405	0	0	4.43834877	-0.0566211045	1
-0.154292062	-0.0399448611	-0.987217486	0	0.75295341	0.642200828	-0.143663749	0	0.639730453	-0.765494943	-0.0690098256	0	2.27271197e-08	4.43834877	-0.0566211082	1
-0.469665885	-0.052289255	-0.88129437	0	-0.87767601	-0.0801551789	0.472504079	0	-0.0953472033	0.995409966	-0.00824686605	0	0.5475142	4.47586966	-0.0333855376	1
-0.469669878	-0.0522896051	-0.881292284	0	-0.87767607	-0.0801552087	0.472504079	0	-0.0953471661	0.995409548	-0.0082468465	0	0.640668333	3.50335526	-0.0253283586	1
-0.469673991	-0.0522900186	-0.881290138	0	-0.882820189	0.0344872363	0.468443453	0	0.00589834247	0.998036265	-0.062360432	0	0.733822405	2.53084135	-0.0172712002	1
-0.469661206	-0.0522905104	-0.881296873	0	-0.882827103	0.034486495	0.468430609	0	0.00589836482	0.998036146	-0.062360432	0	0.7272048	1.41109717	0.0526939258	1
0.997288167	2.81589109e-05	-0.0735966265	0	-0.0271710511	-0.929213703	-0.368542731	0	-0.0683973655	0.369542927	-0.926692963	0	0.720587134	0.291352749	0.122659072	1
-1	5.77189257e-06	0	0	5.77189257e-06	1	0	0	0	0	-1	0	0.762688041	0.0638864636	0.693070233	1
-0.469664842	0.052289173	0.881294966	0	0.877675951	-0.0801558644	0.47250402	0	0.0953478068	0.995409906	-0.0082465522	0	-0.5475142	4.47586966	-0.0333854966	1
-0.469669431	0.0522896051	0.881292343	0	0.877675891	-0.0801558569	0.472503632	0	0.095347777	0.995409608	-0.00824657362	0	-0.640668929	3.50335526	-0.025328625	1
-0.4696742	0.0522899851	0.881290019	0	0.882820189	0.0344877429	0.468443394	0	-0.00589880534	0.998036325	-0.0623606555	0	-0.733823597	2.53084111	-0.017271731	1
-0.469660789	0.0522905551	0.881296933	0	0.882827103	0.0344869569	0.46843031	0	-0.00589876715	0.998036027	-0.0623606853	0	-0.727205455	1.41109645	0.0526936688	1
0.997288108	-2.84469206e-05	0.0735964924	0	0.0271708462	-0.929213166	-0.368544072	0	0.0683972985	0.369544238	-0.926692486	0	-0.720587373	0.291352272	0.122659087	1
-0.99999994	0.000354327989	0	0	0.000354327989	0.99999994	0	0	0	0	-1	0	-0.76268822	0.063885361	0.693069518	1
0.0739616305	0.00668064039	0.997239232	0	0.333333611	0.942298651	-0.0310349222	0	-0.939903736	0.334708601	0.0674669519	0	0.228409111	8.65883446	0.0113062272	1
-0.891310513	-0.527665794	0.087874271	0	0.367038578	-0.479031354	0.846403778	0	-0.346436858	0.673702478	0.531519711	0	0.927688301	8.43171501	-0.0144579541	1
-0.95575422	-0.386637986	-0.132882312	0	0.125329137	-0.598686039	0.840523601	0	-0.34642902	0.67368716	0.531507671	0	1.3753525	7.56115961	-0.701285422	1
-0.93949908	-0.170106828	-0.396742374	0	-0.421603143	0.565632224	0.755850673	0	0.083862707	0.76778084	-0.527782559	0	1.82300651	6.69062424	-1.38809729	1
-1.01146185	-0.034899313	-0.211486667	0	-0.193269297	0.589625061	0.827035785	0	0.0838627145	0.767781258	-0.527782559	0	1.69392586	5.50886345	-0.575739563	1
-0.884266257	0.453475773	-0.111500695	0	-0.109242804	0.0312667191	0.99352318	0	0.454024881	0.890719712	0.0218908451	0	1.56484509	4.32710123	0.236618698	1
0.0800533667	0.0105697075	-0.996734858	0	-0.533331335	0.845228672	-0.0338719301	0	0.842110276	0.534301281	0.0733003095	0	-0.547817886	8.57189369	0.00876523089	1
-0.937284231	0.447775096	-0.0345412716	0	-0.286912829	-0.535518348	0.843266487	0	0.307754785	0.685869813	0.540273666	0	-1.17934263	8.19571877	-0.0213552956	1
-0.977323115	0.320072442	0.150382444	0	-0.0753801316	-0.620360017	0.830477238	0	0.307747692	0.685854435	0.540261269	0	-1.57702208	7.30944061	-0.7194947	1
-0.955395758	0.137123734	0.37014389	0	0.382379502	0.56206727	0.7787534	0	-0.0886780471	0.775518358	-0.516190112	0	-1.97469234	6.42318249	-1.41761792	1
-1.00324595	0.0480246767	0.244502723	0	0.229112387	0.576555252	0.826850116	0	-0.0886780694	0.775518537	-0.51619029	0	-1.83819997	5.22951174	-0.623102903	1
-0.924133003	-0.367694497	0.103819609	0	0.258302331	-0.401038945	0.878889918	0	-0.281527221	0.83902812	0.465589821	0	-1.70170748	4.03584051	0.171412468	1
1	0	0	0	0	1	0	0	0	0	1	0	0	0	0	1
1	1.77662844e-08	-2.37755785e-07	0	2.38418636e-07	-0.0745172948	0.997219741	0	0	-0.997219741	-0.0745172948	0	0	4.43834877	-0.0566211082	1
1	0	-2.38418266e-07	0	2.38418693e-07	0.00187737506	0.999998271	0	0	-0.999998271	0.00187737506	0	0	5.20667267	0.000791933388	1
0.997145057	0.0755068064	-0.000158690862	0	-0.00271322788	0.0379310995	0.99927634	0	0.0754582584	-0.996424079	0.0380277187	0	0	6.73925447	-0.00208530249	1
0.988558352	0.15078114	0.00416216999	0	-0.00279520755	-0.00927527342	0.99995327	0	0.15081279	-0.988524497	-0.00874769129	0	-0.0680013373	7.63721037	-0.0363550559	1
0.974318624	0.225107834	0.00551756611	0	-0.00428455509	-0.00596555183	0.999974012	0	0.225134701	-0.97431612	-0.00484785764	0	-0.219362617	8.62932968	-0.0275755506	1
0.954497516	0.298151731	0.00637752097	0	-0.0137399919	0.0226039141	0.999650776	0	0.297903389	-0.954251587	0.0256719794	0	-0.346246183	9.17844391	-0.0248433482	1
0.929209828	0.369492412	0.00673704455	0	-0.0181912929	0.0275234897	0.999456882	0	0.369105518	-0.928825736	0.0322965719	0	-0.506914318	9.69309998	-0.0386890098	1
0.898600638	0.438717455	0.00659432542	0	-0.0230011474	0.032091409	0.999220908	0	0.438163936	-0.898052037	0.0389283486	0	-0.703866899	10.1887159	-0.0559222735	1
0.862847745	0.505428433	0.00595013378	0	-0.0281418804	0.0362811089	0.998946071	0	0.50467968	-0.86210537	0.0455287546	0	-0.959242582	10.7121286	-0.0786109418	1
-0.154291943	0.0399447344	0.987217486	0	-0.752953529	0.642200768	-0.143663585	0	-0.639730453	-0.765495002	-0.0690098405	0	0	4.43834877	-0.0566211045	1
-0.154292062	-0.0399448611	-0.987217486	0	0.75295341	0.642200828	-0.143663749	0	0.639730453	-0.765494943	-0.0690098256	0	2.27271197e-08	4.43834877	-0.0566211082	1
-0.469665885	-0.052289255	-0.88129437	0	-0.87767601	-0.0801551789	0.472504079	0	-0.0953472033	0.995409966	-0.00824686605	0	0.5475142	4.47586966	-0.0333855376	1
-0.469669878	-0.0522896051	-0.881292284	0	-0.87767607	-0.0801552087	0.472504079	0	-0.0953471661	0.995409548	-0.0082468465	0	0.640668333	3.50335526	-0.0253283586	1
-0.469673991	-0.0522900186	-0.881290138	0	-0.882820189	0.0344872363	0.468443453	0	0.00589834247	0.998036265	-0.062360432	0	0.733822405	2.53084135	-0.0172712002	1
-0.469661206	-0.0522905104	-0.881296873	0	-0.882827103	0.034486495	0.468430609	0	0.00589836482	0.998036146	-0.062360432	0	0.7272048	1.41109717	0.0526939258	1
0.997288167	2.81589109e-05	-0.0735966265	0	-0.0271710511	-0.929213703	-0.368542731	0	-0.0683973655	0.369542927	-0.926692963	0	0.720587134	0.291352749	0.122659072	1
-1	5.77189257e-06	0	0	5.77189257e-06	1	0	0	0	0	-1	0	0.762688041	0.0638864636	0.693070233	1
-0.469664842	0.052289173	0.881294966	0	0.877675951	-0.0801558644	0.47250402	0	0.0953478068	0.995409906	-0.0082465522	0	-0.5475142	4.47586966	-0.0333854966	1
-0.469669431	0.0522896051	0.881292343	0	0.877675891	-0.0801558569	0.472503632	0	0.095347777	0.995409608	-0.00824657362	0	-0.640668929	3.50335526	-0.025328625	1
-0.4696742	0.0522899851	0.881290019	0	0.882820189	0.0344877429	0.468443394	0	-0.00589880534	0.998036325	-0.0623606555	0	-0.733823597	2.53084111	-0.017271731	1
-0.469660789	0.0522905551	0.881296933	0	0.882827103	0.0344869569	0.46843031	0	-0.00589876715	0.998036027	-0.0623606853	0	-0.727205455	1.41109645	0.0526936688	1
0.997288108	-2.84469206e-05	0.0735964924	0	0.0271708462	-0.929213166	-0.368544072	0	0.0683972985	0.369544238	-0.926692486	0	-0.720587373	0.291352272	0.122659087	1
-0.99999994	0.000354327989	0	0	0.000354327989	0.99999994	0	0	0	0	-1	0	-0.76268822	0.063885361	0.693069518	1
0.0722338706	0.0128066009	0.997306108	0	0.295613825	0.954714298	-0.0336710997	0	-0.952573001	0.297249496	0.065176487	0	0.169653162	8.66802311	0.00685741147	1
-0.887150884	-0.532468081	0.0973351598	0	0.371433496	-0.46290186	0.853107452	0	-0.350797951	0.679818094	0.521607399	0	0.877452314	8.46883297	-0.0172740351	1
-0.953321755	-0.393357366	-0.128471643	0	0.127271891	-0.585731506	0.848986387	0	-0.350789875	0.679802537	0.521595538	0	1.3307519	7.59037495	-0.691292822	1
-0.937629998	-0.179899976	-0.396121711	0	-0.42789337	0.551439881	0.762396097	0	0.0712043792	0.774696529	-0.520373464	0	1.78404105	6.71193695	-1.36529624	1
-1.01100171	-0.0479754061	-0.209761143	0	-0.200294062	0.578055501	0.833162785	0	0.0712043867	0.774696589	-0.520373523	0	1.67444396	5.51953173	-0.564342499	1
-0.884266257	0.453475773	-0.111500695	0	-0.109242804	0.0312667191	0.99352318	0	0.454024881	0.890719712	0.0218908451	0	1.56484675	4.32712555	0.236611784	1
0.0809717551	0.0105613237	-0.996660829	0	-0.56649673	0.823219836	-0.0373010822	0	0.820076466	0.567624986	0.072640352	0	-0.602494717	8.55025005	0.00360618508	1
-0.9390257	0.44495523	-0.0315571986	0	-0.28824842	-0.549143136	0.834329307	0	0.302999467	0.678543448	0.551289022	0	-1.21850598	8.14914417	-0.0260993391	1
-0.979104936	0.316048563	0.149133071	0	-0.0789388195	-0.632192135	0.821508169	0	0.302992404	0.67852819	0.551276445	0	-1.61004066	7.27233315	-0.73847276	1
-0.958110631	0.130145848	0.366409987	0	0.373627633	0.577991545	0.771685421	0	-0.0974085853	0.766548455	-0.526981533	0	-2.00156617	6.39554214	-1.45082974	1
-1.0045563	0.0386817455	0.241951033	0	0.220090657	0.591198504	0.819276392	0	-0.097408548	0.766548753	-0.526981771	0	-1.85163581	5.21567822	-0.639704704	1
-0.924133003	-0.367694497	0.103819609	0	0.258302331	-0.401038945	0.878889918	0	-0.281527221	0.83902812	0.465589821	0	-1.70170546	4.03581333	0.171420813	1
1	0	0	0	0	1	0	0	0	0	1	0	0	0	0	1
1	1.77662844e-08	-2.37755785e-07	0	2.38418636e-07	-0.0745172948	0.997219741	0	0	-0.997219741	-0.0745172948	0	0	4.43834877	-0.0566211082	1
1	0	-2.38418266e-07	0	2.38418693e-07	0.00187737506	0.999998271	0	0	-0.999998271	0.00187737506	0	0	5.20667267	0.000791933388	1
0.995174587	0.0981172398	-0.000298967178	0	-0.00362019544	0.0397631377	0.999202311	0	0.0980509296	-0.994380534	0.0399264991	0	0	6.73925447	-0.00208530249	1
0.980678558	0.195558697	0.00503529701	0	-0.00398822129	-0.00574795436	0.999975145	0	0.195583045	-0.980675578	-0.00485697109	0	-0.0883613676	7.63536835	-0.0380661935	1
0.95670414	0.290992916	0.00631478149	0	-0.00635570521	-0.000804721087	0.999979377	0	0.290992022	-0.956724524	0.00107958529	0	-0.28465572	8.61961079	-0.033191558	1
0.923466742	0.383616239	0.00674905535	0	-0.0191318337	0.0284723248	0.999410748	0	0.383199006	-0.923054099	0.0336326137	0	-0.448655784	9.15881062	-0.0338000022	1
0.881292105	0.472526819	0.00633414835	0	-0.0255406611	0.034242209	0.99908632	0	0.47187987	-0.880651832	0.042246189	0	-0.655326366	9.65664101	-0.0519390702	1
0.830590308	0.556859612	0.0050739795	0	-0.0324840099	0.0393518768	0.998697042	0	0.555934668	-0.829673529	0.0507743545	0	-0.907118738	10.1265516	-0.0744813904	1
0.77185595	0.635789752	0.00298096822	0	-0.0398941264	0.0437514372	0.998245835	0	0.634543717	-0.770620465	0.0591340475	0	-1.23113489	10.6101112	-0.104074284	1
-0.154291943	0.0399447344	0.987217486	0	-0.752953529	0.642200768	-0.143663585	0	-0.639730453	-0.765495002	-0.0690098405	0	0	4.43834877	-0.0566211045	1
-0.154292062	-0.0399448611	-0.987217486	0	0.75295341	0.642200828	-0.143663749	0	0.639730453	-0.765494943	-0.0690098256	0	2.27271197e-08	4.43834877	-0.0566211082	1
-0.469665885	-0.052289255	-0.88129437	0	-0.87767601	-0.0801551789	0.472504079	0	-0.0953472033	0.995409966	-0.00824686605	0	0.5475142	4.47586966	-0.0333855376	1
