36	29	MATRIX4
1	0	0	0	0	1	0	0	0	0	1	0	0	0	0	1
0.999999881	2.38181343e-07	1.06340625e-08	0	2.38418608e-07	-0.999004662	-0.0446024761	0	0	0.0446024835	-0.9990049	0	0.0724596828	3.15318632	2.20115614	1
1.00000012	2.38297815e-07	0	0	2.38418721e-07	-0.999493062	0.0318409242	0	0	-0.031840913	-0.999492764	0	0.0724596828	3.11882162	2.97085547	1
0.99654156	0.0793718696	-0.0245984104	0	0.0480620377	-0.792040646	-0.608573437	0	-0.0677865446	0.605286479	-0.793116093	0	0.0724596828	3.16762042	4.50266266	1
0.990876734	0.133652791	0.0173114873	0	0.112713993	-0.751435816	-0.650107741	0	-0.0738803297	0.646128714	-0.75964576	0	0.13354744	2.62214947	5.2174015	1
0.990877032	0.118462995	-0.0642592981	0	0.112521626	-0.989628196	-0.0893115997	0	-0.0741729364	0.0812662542	-0.993929625	0	0.207696468	1.97367096	5.97980976	1
0.990877032	0.0728104711	-0.113408029	0	0.114265002	-0.900068521	0.420501977	0	-0.0714580715	-0.429624408	-0.900177181	0	0.249499559	1.92787015	6.53997803	1
0.990877032	0.127502501	-0.0436566137	0	0.114264965	-0.966582239	-0.229489356	0	-0.0714581609	0.222407281	-0.972333074	0	0.288039029	2.15957928	7.02547026	1
0.990876615	0.099852547	-0.0905108303	0	0.114264898	-0.978558183	0.171373129	0	-0.0714582354	-0.180152252	-0.981042385	0	0.326168686	2.04090405	7.54430151	1
0.990877032	0.0998524278	-0.0905109867	0	0.125790477	-0.444206566	0.887051344	0	0.0483686775	-0.89034456	-0.452714711	0	0.367816806	2.1459024	8.1160841	1
-0.154291943	-0.985577226	0.0695082247	0	-0.752953529	0.162842274	0.637607634	0	-0.639730453	0.0460412167	-0.767219067	0	0.0724596828	3.15318632	2.20115614	1
-0.154292062	0.985577226	-0.0695083514	0	0.75295341	0.162842438	0.637607634	0	0.639730453	0.0460412055	-0.767219007	0	0.0724597052	3.15318632	2.20115614	1
0.573785841	0.485266477	-0.445292056	0	-0.0816924199	-0.533587635	-0.686738014	0	-0.980566263	0.739337087	-0.457811117	0	0.61997366	3.13108516	2.23935628	1
0.491606027	0.227736101	-0.685170472	0	-0.306965828	-0.684348047	-0.447703689	0	-0.980565965	0.739336967	-0.457810789	0	1.57798576	2.40875363	2.68663716	1
-0.216820285	0.893313408	-0.214144751	0	-0.910506785	-0.238166526	-0.0716378018	0	-0.144894063	0.226100564	1.08989191	0	2.53599739	1.68642235	3.13391781	1
-0.711513877	0.581629634	-0.21525152	0	-0.608097017	-0.718637347	0.0682403967	0	-0.144893974	0.22610046	1.08989155	0	2.69856095	1.43274939	1.91111636	1
0.997275114	-4.98739682e-05	-0.0733988434	0	-0.0271550119	-0.929270864	-0.368324995	0	-0.0681965277	0.369355053	-0.926841915	0	2.86112452	1.17907643	0.688314915	1
-1	5.77189257e-06	0	0	5.77189257e-06	1	0	0	0	0	-1	0	2.90310192	0.951725781	1.25881767	1
0.246361464	-0.260158032	0.942349732	0	0.744913399	-0.579394937	-0.354689449	0	0.617837727	0.764084518	0.0494204126	0	-0.475054473	3.13108563	2.23935604	1
0.142348334	-0.178614199	0.981954098	0	0.771572948	-0.609488189	-0.222708836	0	0.617837727	0.764084756	0.0494200364	0	-1.07868123	2.38457584	2.19107246	1
-0.263152003	-0.647013366	0.668140054	0	0.86911881	-0.418304741	-0.0627688244	0	0.366710663	0.646329641	0.770324469	0	-1.68230796	1.63806581	2.14278913	1
-0.646545172	-0.368399054	0.61688602	0	0.637649059	-0.67667383	0.264202476	0	0.366710663	0.646329522	0.770324171	0	-2.09373808	0.912917733	1.27852535	1
0.997256637	0.00027549162	0.0728264377	0	0.027083898	-0.929590523	-0.367358893	0	0.0676212758	0.368452758	-0.927373052	0	-2.5051682	0.18776983	0.414261937	1
-0.99999994	0.000354327989	0	0	0.000354327989	0.99999994	0	0	0	0	-1	0	-2.54679132	-0.0390252471	0.985091269	1
0.189926118	-0.745556653	-0.638807058	0	0.493589431	-0.48993814	0.718561888	0	-0.848703444	-0.451781988	0.274946779	0	0.596907318	2.014081	5.94984484	1
0.719928622	0.69209379	-0.299524575	0	0.164837316	-0.548502445	-0.871194243	0	-0.64933151	0.489026666	-0.430749357	0	1.23518121	2.31813431	5.74638271	1
0.738527179	0.55935061	-0.478262901	0	0.00767055247	-0.683369219	-0.787387013	0	-0.649316609	0.489015609	-0.430739671	0	2.0742445	1.68621612	6.3029952	1
0.648825765	0.16081281	-0.795498848	0	-0.352439731	0.973248065	-0.0907116756	0	0.651677787	0.291014165	0.59035188	0	2.91328859	1.05431223	6.8595953	1
0.696293294	0.00529407291	-0.771233618	0	-0.245691568	0.98642993	-0.215046793	0	0.651677787	0.291014194	0.590352237	0	1.91023254	0.606386065	5.95093155	1
0.18631579	-0.969162703	-0.161275655	0	-0.935814202	-0.225050926	0.271299869	0	-0.299228966	0.100376673	-0.94888705	0	0.907175899	0.158459604	5.04226685	1
-0.0363611542	0.766269803	0.641489923	0	-0.370542854	-0.606494963	0.703464806	0	0.928103209	-0.212120622	0.305988878	0	-0.17705141	1.90968716	5.93632364	1
0.144021749	-0.884557843	0.527087927	0	-0.73587656	-0.460692108	-0.572062075	0	0.640821099	-0.261414409	-0.613803446	0	-0.865693033	2.03476191	5.7096796	1
0.149505988	-0.881108463	0.531344652	0	-0.734790683	-0.467279792	-0.568122566	0	0.640806198	-0.261408567	-0.61378926	0	-1.69375944	2.3725605	6.50283384	1
0.15569745	-0.871879458	0.533877432	0	0.540573895	-0.388156444	-0.791552365	0	0.784614742	0.360095978	0.35925439	0	-2.52180624	2.71035147	7.29596949	1
-0.139716238	-0.55493331	0.861375809	0	0.544922709	-0.776458323	-0.411839128	0	0.784615159	0.360096246	0.359254211	0	-3.72947788	2.15609503	6.74300861	1
0.417170495	0.89912045	0.132479995	0	0.908668518	-0.409912258	-0.0793271065	0	-0.0170194358	0.153473407	-0.988006055	0	-4.93715048	1.60183811	6.19004774	1
1	0	0	0	0	1	0	0	0	0	1	0	0	0	0	1
0.999999881	2.38181343e-07	1.06340625e-08	0	2.38418608e-07	-0.999004662	-0.0446024761	0	0	0.0446024835	-0.9990049	0	0.0883450583	2.91000795	1.76321554	1
1.00000012	2.37833433e-07	-2.21684768e-08	0	2.38418721e-07	-0.999493062	0.0318411626	0	-1.458434e-08	-0.0318411514	-0.999492764	0	0.0883450583	2.87564325	2.53291488	1
0.99654156	0.0793718696	-0.0245984104	0	0.0480620377	-0.792040646	-0.608573437	0	-0.0677865446	0.605286479	-0.793116093	0	0.0883450806	2.92444253	4.06472206	1
0.990876734	0.133652791	0.0173114873	0	0.112713993	-0.751435816	-0.650107741	0	-0.0738803297	0.646128714	-0.75964576	0	0.149432838	2.37897158	4.77946091	1
0.990877032	0.118462995	-0.0642592758	0	0.112521611	-0.989628196	-0.0893118382	0	-0.0741729438	0.0812664926	-0.993929625	0	0.223581851	1.73049307	5.54186916	1
0.990877032	0.0728104711	-0.113408029	0	0.114265002	-0.900068521	0.420501977	0	-0.0714580864	-0.429624468	-0.9001773	0	0.265384942	1.68469214	6.10203743	1
0.990877032	0.127502501	-0.0436565839	0	0.11426495	-0.966582179	-0.22948958	0	-0.0714581683	0.222407535	-0.972333133	0	0.303924412	1.91640139	6.58752966	1
0.990877032	0.0998525769	-0.0905109644	0	0.11426498	-0.9785586	0.171373546	0	-0.0714582354	-0.180152446	-0.981041491	0	0.342054069	1.79772604	7.10636091	1
0.990877271	0.0998524204	-0.090511024	0	0.125790492	-0.444206446	0.887051702	0	0.0483686589	-0.890344262	-0.452714264	0	0.383702159	1.9027245	7.67814255	1
-0.154291943	-0.985577226	0.0695082247	0	-0.752953529	0.162842274	0.637607634	0	-0.639730453	0.0460412167	-0.767219067	0	0.0883450583	2.91000795	1.76321554	1
-0.154292062	0.985577226	-0.0695083514	0	0.75295341	0.162842438	0.637607634	0	0.639730453	0.0460412055	-0.767219007	0	0.0883450806	2.91000795	1.76321554	1
0.566877365	0.592291594	-0.354794413	0	0.0996659547	-0.52446264	-0.716270804	0	-0.95831567	0.582033575	-0.55951792	0	0.635859132	2.88790703	1.80141568	1
0.529834807	0.211525634	-0.687437356	0	-0.224857002	-0.762314022	-0.407866001	0	-0.958315074	0.582033396	-0.559518158	0	1.57213259	2.31926084	2.34806395	1
-0.0494899936	0.895593286	-0.300267905	0	-0.940250456	-0.0179228317	0.101514362	0	0.106852844	0.358971775	1.05307496	0	2.50840521	1.750615	2.89471245	1
-0.469780743	0.79045254	-0.221781418	0	-0.815980971	-0.421417356	0.226448223	0	0.106853105	0.358971536	1.05307508	0	2.38852191	1.34786749	1.71321774	1
0.997277498	-1.98068992e-05	-0.0734748468	0	-0.0271511059	-0.929300368	-0.368272215	0	-0.0682782531	0.369293392	-0.926843464	0	2.26863837	0.945120215	0.531722546	1
-1	5.77189257e-06	0	0	5.77189257e-06	1	0	0	0	0	-1	0	2.31066608	0.717807531	1.10222626	1
0.39133963	-0.503434241	0.828784645	0	0.406789303	-0.726068377	-0.63310647	0	0.769832492	0.489173561	-0.0663613304	0	-0.459169388	2.88790679	1.80141544	1
0.249846026	-0.260036021	0.981547654	0	0.506161511	-0.844391704	-0.352534324	0	0.769832492	0.489173651	-0.0663613603	0	-1.21129489	2.40998483	1.8662504	1
-0.177146539	-0.64608109	0.70824331	0	0.958459139	-0.13410905	0.117392361	0	0.0211859718	0.774530888	0.711849689	0	-1.96342039	1.93206263	1.93108535	1
-0.479048818	-0.567414463	0.631635189	0	0.848844528	-0.336818159	0.341213644	0	0.021185765	0.774530828	0.711849213	0	-1.98718989	1.06307936	1.13242722	1
0.99728626	2.51111851e-05	0.0734612569	0	0.027151363	-0.929305792	-0.368279755	0	0.0682619289	0.369292229	-0.926828086	0	-2.01095915	0.194096327	0.333769679	1
-0.99999994	0.000354327989	0	0	0.000354327989	0.99999994	0	0	0	0	-1	0	-2.05297661	-0.0332154632	0.904263556	1
0.189926118	-0.745556653	-0.638807058	0	0.493589431	-0.48993814	0.718561888	0	-0.848703444	-0.451781988	0.274946779	0	0.612792671	1.77090299	5.51190424	1
0.690374076	0.760228336	-0.179592133	0	0.460327625	-0.589575112	-0.726165354	0	-0.557019114	0.354440361	-0.640873969	0	1.25106609	2.07495594	5.30844164	1
0.783311009	0.589343846	-0.354877859	0	0.273782223	-0.760421097	-0.658516347	0	-0.557006598	0.354432404	-0.640859365	0	1.97084379	1.61694968	6.13657618	1
0.78194803	-0.00941056665	-0.684838295	0	-0.253517449	0.961586535	-0.302679598	0	0.566465378	0.351416528	0.641961038	0	2.69060516	1.15895367	6.96469164	1
0.786204159	-0.0259953365	-0.679515362	0	-0.239992157	0.961280704	-0.314447075	0	0.566465616	0.351416707	0.641961157	0	1.81870723	0.618056774	5.97659159	1
0.18631579	-0.969162703	-0.161275655	0	-0.935814202	-0.225050926	0.271299869	0	-0.299228966	0.100376673	-0.94888705	0	0.946808398	0.0771592855	4.98849058	1
-0.0363611542	0.766269803	0.641489923	0	-0.370542854	-0.606494963	0.703464806	0	0.928103209	-0.212120622	0.305988878	0	-0.161166027	1.66650903	5.49838305	1
0.185685471	-0.895900846	0.499505311	0	-0.918672204	-0.371054947	-0.324009955	0	0.402816325	-0.337682247	-0.755401194	0	-0.849807501	1.79158342	5.27173853	1
0.218604594	-0.881987691	0.51083988	0	-0.911410987	-0.403037488	-0.30584088	0	0.402807176	-0.337674618	-0.755384147	0	-1.37032509	2.22793508	6.24786472	1
0.273278594	-0.851543784	0.52638495	0	0.717755556	-0.213714257	-0.71836102	0	0.6244874	0.495070547	0.476676226	0	-1.89083076	2.6642766	7.22396851	1
-0.0348139107	-0.696240962	0.768716753	0	0.767229974	-0.534835339	-0.449663818	0	0.624487519	0.495070696	0.476676673	0	-2.852036	1.90226865	6.490273	1
0.417170495	0.89912045	0.132479995	0	0.908668518	-0.409912258	-0.0793271065	0	-0.0170194358	0.153473407	-0.988006055	0	-3.81324148	1.14026034	5.75657654	1
1	0	0	0	0	1	0	0	0	0	1	0	0	0	0	1
0.999999881	2.38181343e-07	1.06340625e-08	0	2.38418608e-07	-0.999004662	-0.0446024761	0	0	0.0446024835	-0.9990049	0	0.107305042	2.61976314	1.24051261	1
1.00000012	2.38143016e-07	-1.24505126e-08	0	2.38418721e-07	-0.999493062	0.0318411663	0	0	-0.0318411514	-0.999492586	0	0.107305042	2.58539844	2.01021194	1
0.99654156	0.079371877	-0.0245984253	0	0.048062034	-0.792040646	-0.608573437	0	-0.0677865744	0.605286479	-0.793116093	0	0.10730505	2.63419771	3.54201889	1
0.990876734	0.133652776	0.0173114985	0	0.112713993	-0.751435816	-0.650107741	0	-0.0738803074	0.646128714	-0.75964576	0	0.168392837	2.08872676	4.25675774	1
0.990876675	0.11846295	-0.0642592534	0	0.112521566	-0.989627838	-0.0893118083	0	-0.0741730109	0.0812665671	-0.993930459	0	0.242541835	1.44024825	5.01916599	1
0.990877032	0.0728104711	-0.113408029	0	0.114265002	-0.900068521	0.420501977	0	-0.0714580715	-0.429624408	-0.900177181	0	0.284344971	1.39444721	5.57933474	1
0.990877032	0.127502501	-0.0436566137	0	0.114264965	-0.966582239	-0.229489356	0	-0.0714581609	0.222407281	-0.972333074	0	0.32288444	1.62615633	6.06482697	1
0.990877032	0.0998525694	-0.0905110165	0	0.114264973	-0.9785586	0.171373531	0	-0.0714582875	-0.180152446	-0.981041491	0	0.361014098	1.5074811	6.58365822	1
0.990877032	0.0998524278	-0.0905109867	0	0.125790477	-0.444206566	0.887051344	0	0.0483686775	-0.89034456	-0.452714711	0	0.402662247	1.61247957	7.15543985	1
-0.154291943	-0.985577226	0.0695082247	0	-0.752953529	0.162842274	0.637607634	0	-0.639730453	0.0460412167	-0.767219067	0	0.107305042	2.61976314	1.24051261	1
-0.154292062	0.985577226	-0.0695083514	0	0.75295341	0.162842438	0.637607634	0	0.639730453	0.0460412055	-0.767219007	0	0.107305065	2.61976314	1.24051261	1
0.524638891	0.635811388	-0.381210983	0	0.156378001	-0.551430583	-0.704481423	0	-0.967360616	0.455636799	-0.571379125	0	0.65481925	2.59766221	1.27871299	1
0.50076586	0.126346961	-0.74705714	0	-0.221215725	-0.832083464	-0.28900665	0	-0.967360377	0.455636531	-0.571378946	0	1.59992957	2.15250564	1.83694983	1
0.107860722	0.815916657	-0.468043923	0	-0.863927245	0.27226603	0.275535792	0	0.438353837	0.466216773	0.913750172	0	2.54503942	1.7073493	2.39518642	1
-0.120015681	0.858619153	-0.380512267	0	-0.862322986	0.05121658	0.387550771	0	0.438353777	0.466216534	0.913750052	0	2.05322933	1.18427861	1.3700068	1
0.997293591	5.07941768e-05	-0.073654145	0	-0.0271399673	-0.929391801	-0.368121803	0	-0.0684696063	0.369110227	-0.926839232	0	1.56141925	0.661208034	0.344826937	1
-1	5.77189257e-06	0	0	5.77189257e-06	1	0	0	0	0	-1	0	1.60356462	0.434008092	0.915328085	1
0.329200536	-0.698075652	0.71323204	0	0.128178447	-0.715246797	-0.75919354	0	0.852787435	0.279871166	-0.119690068	0	-0.44020918	2.59766221	1.27871275	1
0.24602434	-0.337197691	0.96444428	0	0.253524661	-0.940839291	-0.393611431	0	0.852787554	0.279871494	-0.119690172	0	-1.27338159	2.32422829	1.39564979	1
-0.11729487	-0.582477987	0.777860999	0	0.928641796	0.163654819	0.262579322	0	-0.305290908	0.820457041	0.568339467	0	-2.10655403	2.05079412	1.51258695	1
-0.270393997	-0.601604879	0.723233342	0	0.896114707	0.0643089786	0.388522863	0	-0.305290788	0.820456803	0.568339407	0	-1.76403356	1.13028419	0.87493974	1
0.99729979	-7.31066621e-06	0.073544018	0	0.0271421839	-0.929376304	-0.368155539	0	0.068350628	0.369146019	-0.926837683	0	-1.42151332	0.209774613	0.237292707	1
-0.99999994	0.000354327989	0	0	0.000354327989	0.99999994	0	0	0	0	-1	0	-1.46358538	-0.0174471885	0.807792485	1
0.189926118	-0.745556653	-0.638807058	0	0.493589431	-0.48993814	0.718561888	0	-0.848703444	-0.451781988	0.274946779	0	0.63175267	1.48065817	4.98920107	1
0.50116694	0.90348208	-0.137705579	0	0.805240571	-0.510808647	-0.420800388	0	-0.381709039	0.0847293958	-0.833288431	0	1.27002597	1.784711	4.78573847	1
0.713384569	0.716258168	-0.253954262	0	0.625046968	-0.751134932	-0.362694681	0	-0.381700337	0.0847275034	-0.833269536	0	1.76326871	1.67522407	5.8625102	1
0.93129158	-0.140435576	-0.440880924	0	-0.145189658	0.852115691	-0.578118324	0	0.390677422	0.515129566	0.661158204	0	2.25650024	1.56573951	6.93925762	1
0.875181496	0.0538164079	-0.559073746	0	-0.349916309	0.861932039	-0.464794159	0	0.390677482	0.515129626	0.661157966	0	1.65517342	0.77285713	5.9216094	1
0.18631579	-0.969162703	-0.161275655	0	-0.935814202	-0.225050926	0.271299869	0	-0.299228966	0.100376673	-0.94888705	0	1.05384612	-0.0200258493	4.90396118	1
-0.0363611542	0.766269803	0.641489923	0	-0.370542854	-0.606494963	0.703464806	0	0.928103209	-0.212120622	0.305988878	0	-0.142206043	1.37626421	4.97567987	1
0.168713793	-0.899614275	0.498864055	0	-1.01579821	-0.22543551	-0.0629955903	0	0.14323917	-0.420161664	-0.806131124	0	-0.830847502	1.50133812	4.74903488	1
0.276919782	-0.870182335	0.502750576	0	-0.991791308	-0.320825875	-0.00901186373	0	0.143235952	-0.420151919	-0.806112707	0	-1.01594055	2.04426932	5.79071426	1
0.556844771	-0.734149396	0.481587738	0	0.748695135	0.0991354138	-0.714567065	0	0.408088267	0.64908576	0.517629623	0	-1.20102942	2.58718777	6.8323698	1
0.290483057	-0.727663636	0.683448434	0	0.886700988	-0.138953894	-0.524813712	0	0.408088386	0.649085999	0.517630041	0	-1.82915509	1.58812106	6.03563929	1
0.417170495	0.89912045	0.132479995	0	0.908668518	-0.409912258	-0.0793271065	0	-0.0170194358	0.153473407	-0.988006055	0	-2.45728111	0.58905381	5.23890781	1
1	0	0	0	0	1	0	0	0	0	1	0	0	0	0	1
0.999999881	2.38181343e-07	1.06340625e-08	0	2.38418608e-07	-0.999004662	-0.0446024761	0	0	0.0446024835	-0.9990049	0	0.123190433	2.37658525	0.802571416	1
1	2.37988203e-07	-1.73094925e-08	0	2.38418693e-07	-0.999493003	0.0318411589	0	0	-0.0318411589	-0.999492943	0	0.123190433	2.34222054	1.57227063	1
0.996541619	0.0793718845	-0.0245984439	0	0.0480620563	-0.792040944	-0.608573258	0	-0.0677865446	0.605285943	-0.793116093	0	0.123190448	2.39101982	3.10407782	1
0.990876734	0.133652791	0.0173114873	0	0.112713993	-0.751435816	-0.650107741	0	-0.0738803297	0.646128714	-0.75964576	0	0.184278205	1.84554935	3.81881666	1
0.990877032	0.118462995	-0.0642592758	0	0.112521611	-0.989628196	-0.0893118382	0	-0.0741729438	0.0812664926	-0.993929625	0	0.258427233	1.19707084	4.5812254	1
0.990876615	0.0728104934	-0.113407873	0	0.114264928	-0.900068164	0.4205015	0	-0.0714580417	-0.429624498	-0.900178075	0	0.300230324	1.15126991	5.14139366	1
0.990877032	0.127502501	-0.0436565839	0	0.11426495	-0.966582179	-0.22948958	0	-0.0714581683	0.222407535	-0.972333133	0	0.338769764	1.38297915	5.62688637	1
0.990876973	0.0998525694	-0.0905109718	0	0.114264987	-0.978558421	0.17137371	0	-0.0714582354	-0.18015264	-0.981041551	0	0.376899421	1.2643038	6.14571762	1
0.990877032	0.0998524278	-0.0905109867	0	0.125790477	-0.444206566	0.887051344	0	0.0483686738	-0.890344441	-0.452714652	0	0.418547511	1.36930239	6.71749973	1
-0.154291943	-0.985577226	0.0695082247	0	-0.752953529	0.162842274	0.637607634	0	-0.639730453	0.0460412167	-0.767219067	0	0.123190433	2.37658525	0.802571416	1
-0.154292062	0.985577226	-0.0695083514	0	0.75295341	0.162842438	0.637607634	0	0.639730453	0.0460412055	-0.767219007	0	0.123190455	2.37658525	0.802571416	1
0.4972803	0.547765315	-0.53707391	0	0.00396052003	-0.641875088	-0.650971115	0	-1.00398099	0.460376292	-0.460051715	0	0.670704603	2.35448456	0.840771616	1
0.36650762	-0.0368548073	-0.836718082	0	-0.336120427	-0.843021989	-0.110093705	0	-1.00398052	0.460376054	-0.460051715	0	1.65159297	1.90469742	1.29024172	1
0.163344607	0.684191108	-0.634175479	0	-0.688151181	0.523067415	0.387073338	0	0.7414518	0.46382907	0.691385686	0	2.63248062	1.45491064	1.73971164	1
0.118979208	0.716257811	-0.608109891	0	-0.697192967	0.478218526	0.42685768	0	0.741451621	0.463828892	0.691385627	0	1.80061078	0.934518814	0.964013278	1
0.997365236	0.000199288625	-0.0740342289	0	-0.0271263607	-0.929571509	-0.367939532	0	-0.0688633323	0.36881718	-0.926711798	0	0.968740821	0.414127052	0.188314736	1
-1	5.77189257e-06	0	0	5.77189257e-06	1	0	0	0	0	-1	0	1.01112854	0.187107489	0.758737445	1
0.214497536	-0.766177893	0.671841085	0	0.0537984706	-0.677100241	-0.789334595	0	0.901129007	0.174714878	-0.0884543806	0	-0.424323708	2.35448456	0.840771616	1
0.164857343	-0.363297045	0.961896896	0	0.147396252	-0.955772579	-0.386239886	0	0.901128888	0.174714953	-0.0884546936	0	-1.30472577	2.1837883	0.927191436	1
-0.110015593	-0.486052096	0.843849123	0	0.81857276	0.41385603	0.345098913	0	-0.560442448	0.789999664	0.3819682	0	-2.18512774	2.01309204	1.01361156	1
-0.131640851	-0.496834606	0.834420085	0	0.815374434	0.400847435	0.36731106	0	-0.560442388	0.789999306	0.3819682	0	-1.55634058	1.12675369	0.585063219	1
0.997332513	-9.66150983e-05	0.0737717524	0	0.0271383338	-0.929450035	-0.36810413	0	0.06858702	0.369039714	-0.926755965	0	-0.927553535	0.240415812	0.156514883	1
-0.99999994	0.000354327989	0	0	0.000354327989	0.99999994	0	0	0	0	-1	0	-0.969771147	0.0132594556	0.726964355	1
0.189926118	-0.745556653	-0.638807058	0	0.493589431	-0.48993814	0.718561888	0	-0.848703444	-0.451781988	0.274946779	0	0.647638023	1.23748052	4.55126047	1
0.242877364	0.980226398	-0.257461309	0	0.986999691	-0.288891047	-0.168797582	0	-0.203312084	-0.180660561	-0.879620135	0	1.28591168	1.54153335	4.34779835	1
0.536391735	0.842722774	-0.297061801	0	0.863403141	-0.578051269	-0.0808408707	0	-0.203307524	-0.180656418	-0.879600644	0	1.54863071	1.77498209	5.48443985	1
1.01408994	-0.0740722641	-0.219179213	0	-0.114949971	0.693847001	-0.766333878	0	0.178417578	0.685445547	0.593847275	0	1.81134379	2.00842547	6.6210556	1
0.864207923	0.233804032	-0.529512703	0	-0.542895257	0.657453835	-0.595753372	0	0.178417608	0.685445607	0.593847632	0	1.53672516	0.953394413	5.7070117	1
0.18631579	-0.969162703	-0.161275655	0	-0.935814202	-0.225050926	0.271299869	0	-0.299228966	0.100376673	-0.94888705	0	1.26210642	-0.101637363	4.79296684	1
-0.0363611542	0.766269803	0.641489923	0	-0.370542854	-0.606494963	0.703464806	0	0.928103209	-0.212120622	0.305988878	0	-0.126320645	1.13308656	4.5377388	1
0.0723505989	-0.868331492	0.570390821	0	-1.030316	-0.133385226	-0.0723697245	0	0.118099988	-0.495145917	-0.768763065	0	-0.814962089	1.25816035	4.31109381	1
0.284310877	-0.821845174	0.573011994	0	-0.992963731	-0.310450315	0.047412876	0	0.118097238	-0.495134622	-0.768745363	0	-0.967570424	1.89798594	5.30448627	1
0.955734253	-0.264436066	0.317140967	0	0.408096611	0.483010948	-0.827097654	0	0.0557761192	0.782961786	0.484756678	0	-1.12017512	2.53779674	6.29785538	1
0.802939773	-0.389277399	0.536361217	0	0.659740984	0.389472127	-0.70497185	0	0.0557761304	0.782962084	0.4847565	0	-1.20602524	1.33266926	5.55172253	1
0.417170495	0.89912045	0.132479995	0	0.908668518	-0.409912258	-0.0793271065	0	-0.0170194358	0.153473407	-0.988006055	0	-1.29187536	0.127541184	4.80558968	1
1	0	0	0	0	1	0	0	0	0	1	0	0	0	0	1
0.999999881	2.38181343e-07	1.06340625e-08	0	2.38418608e-07	-0.999004662	-0.0446024761	0	0	0.0446024835	-0.9990049	0	0.129852057	2.27460742	0.6189183	1
0.999999881	2.38297758e-07	0	0	2.38418664e-07	-0.999492884	0.0318411402	0	0	-0.0318411514	-0.999493182	0	0.129852057	2.24024272	1.38861752	1
0.996541619	0.0793718845	-0.0245984197	0	0.0480620414	-0.792040765	-0.608573496	0	-0.067786552	0.60528636	-0.793115973	0	0.129852057	2.289042	2.92042518	1
0.990876853	0.133652791	0.0173115022	0	0.112713993	-0.751435757	-0.650108039	0	-0.0738803074	0.646128714	-0.759645462	0	0.190939814	1.74357104	3.63516402	1
0.990877032	0.118462995	-0.0642592758	0	0.112521611	-0.989628196	-0.0893118382	0	-0.0741729438	0.0812664926	-0.993929625	0	0.265088797	1.09509254	4.39757204	1
0.990877151	0.0728105009	-0.113407992	0	0.114264995	-0.9000687	0.420501769	0	-0.0714580417	-0.42962411	-0.900177181	0	0.306891888	1.04929161	4.95774031	1
0.990876615	0.127502441	-0.0436565503	0	0.11426492	-0.966581821	-0.229489058	0	-0.0714581609	0.222407326	-0.972334087	0	0.345431328	1.28100061	5.44323254	1
0.990876615	0.099852547	-0.0905108303	0	0.114264898	-0.978558183	0.171373129	0	-0.0714582354	-0.180152252	-0.981042385	0	0.383560985	1.16232538	5.96206427	1
0.990877151	0.0998524427	-0.0905109942	0	0.125790492	-0.444206625	0.887051463	0	0.0483686663	-0.890344322	-0.452714622	0	0.425209105	1.26732373	6.53384686	1
-0.154291943	-0.985577226	0.0695082247	0	-0.752953529	0.162842274	0.637607634	0	-0.639730453	0.0460412167	-0.767219067	0	0.129852057	2.27460742	0.6189183	1
-0.154292062	0.985577226	-0.0695083514	0	0.75295341	0.162842438	0.637607634	0	0.639730453	0.0460412055	-0.767219007	0	0.129852086	2.27460742	0.6189183	1
0.47413215	0.458560616	-0.634034216	0	-0.127420455	-0.686211824	-0.591570616	0	-1.00806701	0.515586495	-0.380940408	0	0.677366257	2.25250649	0.657118499	1
0.261635184	-0.129146904	-0.867148578	0	-0.415432602	-0.815155625	-0.0039359089	0	-1.00806653	0.515586317	-0.380940557	0	1.6622467	1.74877906	1.02929688	1
0.154116258	0.622792363	-0.69672507	0	-0.584060013	0.615423083	0.420923203	0	0.858621418	0.425078005	0.569898844	0	2.64712644	1.24505186	1.40147531	1
0.168509603	0.607385993	-0.706918955	0	-0.580071151	0.630632937	0.403568596	0	0.858621418	0.425078005	0.569898963	0	1.68379831	0.76813674	0.762078762	1
0.997324824	9.90006956e-05	-0.0737780258	0	-0.0271594934	-0.929329634	-0.368386567	0	-0.0685868561	0.369331002	-0.926655471	0	0.720469952	0.29122141	0.122681916	1
-1	5.77189257e-06	0	0	5.77189257e-06	1	0	0	0	0	-1	0	0.762687504	0.0638855696	0.693069994	1
0.158955246	-0.778505147	0.66362381	0	0.0617962368	-0.663062036	-0.792630851	0	0.920319319	0.145394683	-0.0498762615	0	-0.417662233	2.25250626	0.65711844	1
0.110500567	-0.369936645	0.960556984	0	0.129904062	-0.953341961	-0.382095963	0	0.920319557	0.145394623	-0.0498763025	0	-1.31681323	2.11045575	0.705847502	1
-0.12384779	-0.437578082	0.868514121	0	0.742503107	0.522893667	0.36932528	0	-0.666561067	0.747604311	0.281610966	0	-2.21596432	1.96840537	0.754576623	1
-0.0946333557	-0.416734815	0.88233006	0	0.746788859	0.539652109	0.334979892	0	-0.666560829	0.747604191	0.281610966	0	-1.46811759	1.12963235	0.438623816	1
0.99739188	-0.000217507535	0.0740813464	0	0.0271231309	-0.929619372	-0.367900312	0	0.0689090863	0.368744552	-0.926672637	0	-0.72027123	0.29085958	0.122671068	1
-0.99999994	0.000354327989	0	0	0.000354327989	0.99999994	0	0	0	0	-1	0	-0.762687087	0.063884899	0.693069279	1
0.189926118	-0.745556653	-0.638807058	0	0.493589431	-0.48993814	0.718561888	0	-0.848703444	-0.451781988	0.274946779	0	0.654299676	1.13550246	4.36760759	1
0.157029152	0.977384984	-0.325762659	0	1.0101465	-0.21083644	-0.145645767	0	-0.178914487	-0.259593189	-0.865099967	0	1.29257345	1.43955553	4.16414595	1
0.434690088	0.878700554	-0.353574097	0	0.92526859	-0.47711724	-0.0481882095	0	-0.178910509	-0.259587288	-0.865080655	0	1.52376604	1.77500069	5.28202438	1
1.00366151	0.122398168	-0.244298875	0	-0.267722666	0.626534283	-0.785989165	0	0.0485665575	0.72969532	0.565118194	0	1.75495338	2.11043835	6.39987755	1
0.750581861	0.409064233	-0.592700183	0	-0.718080342	0.49009493	-0.571111321	0	0.048566632	0.729695439	0.565118015	0	1.68020022	0.987298489	5.53005314	1
0.18631579	-0.969162703	-0.161275655	0	-0.935814202	-0.225050926	0.271299869	0	-0.299228966	0.100376673	-0.94888705	0	1.60544693	-0.135842204	4.66022873	1
-0.0363611542	0.766269803	0.641489923	0	-0.370542854	-0.606494963	0.703464806	0	0.928103209	-0.212120622	0.305988878	0	-0.119659044	1.0311085	4.35408592	1
0.160411716	-0.895392835	0.507057011	0	-1.00149024	-0.253715545	-0.131197736	0	0.209236413	-0.413817078	-0.796937585	0	-0.808300495	1.15618277	4.12744141	1
0.417146057	-0.797680199	0.523724556	0	-0.924514651	-0.479401767	0.00620186422	0	0.209231585	-0.413807511	-0.796919286	0	-1.07867491	1.69091558	5.15724087	1
1.01353335	0.135811478	0.195582137	0	0.0830622241	0.59979248	-0.846933722	0	-0.197739288	0.74441278	0.507794738	0	-1.34904301	2.22563577	6.18701649	1
0.964040101	-0.0119858477	0.392975807	0	0.323690802	0.614859283	-0.775318623	0	-0.197739363	0.744413018	0.507794797	0	-1.04468453	1.07984257	5.40542364	1
0.417170495	0.89912045	0.132479995	0	0.908668518	-0.409912258	-0.0793271065	0	-0.0170194358	0.153473407	-0.988006055	0	-0.740325928	-0.0659511089	4.62383032	1
1	0	0	0	0	1	0	0	0	0	1	0	0	0	0	1
0.999999881	2.38181343e-07	1.06340625e-08	0	2.38418608e-07	-0.999004662	-0.0446024761	0	0	0.0446024835	-0.9990049	0	0.112146109	2.28097701	0.787135124	1
1.00000012	2.37988232e-07	-1.73094943e-08	0	2.38418721e-07	-0.999493062	0.0318411626	0	0	-0.0318411514	-0.999492764	0	0.112146109	2.24661231	1.55683446	1
0.996541619	0.0793718845	-0.0245984197	0	0.0480620414	-0.792040765	-0.608573496	0	-0.067786552	0.60528636	-0.793115973	0	0.112146124	2.29541159	3.08864164	1
0.990876853	0.133652791	0.0173115022	0	0.112713993	-0.751435757	-0.650108039	0	-0.0738803074	0.646128714	-0.759645462	0	0.173233896	1.74994063	3.80338049	1
0.990876675	0.118462943	-0.0642591789	0	0.112521574	-0.989627838	-0.089311704	0	-0.0741729215	0.0812664703	-0.993930459	0	0.247382894	1.10146213	4.56578875	1
0.990877032	0.0728104711	-0.113408029	0	0.114265002	-0.900068521	0.420501977	0	-0.0714580715	-0.429624408	-0.900177181	0	0.289185971	1.0556612	5.12595749	1
0.990877032	0.127502501	-0.0436566137	0	0.114264965	-0.966582239	-0.229489356	0	-0.0714581609	0.222407281	-0.972333074	0	0.32772544	1.28737044	5.61144972	1
0.990877032	0.0998525694	-0.0905110165	0	0.114264973	-0.9785586	0.171373531	0	-0.0714582875	-0.180152446	-0.981041491	0	0.365855098	1.16869521	6.13028097	1
0.990877032	0.0998524278	-0.0905109867	0	0.125790477	-0.444206566	0.887051344	0	0.0483686775	-0.89034456	-0.452714711	0	0.407503247	1.27369368	6.70206261	1
-0.154291943	-0.985577226	0.0695082247	0	-0.752953529	0.162842274	0.637607634	0	-0.639730453	0.0460412167	-0.767219067	0	0.112146109	2.28097701	0.787135124	1
-0.154292062	0.985577226	-0.0695083514	0	0.75295341	0.162842438	0.637607634	0	0.639730453	0.0460412055	-0.767219007	0	0.112146132	2.28097701	0.787135124	1
0.505454361	0.531666279	-0.544617593	0	0.0138319507	-0.660092831	-0.631543756	0	-0.997764468	0.447289854	-0.489362597	0	0.65966028	2.25887609	0.825335264	1
0.377144039	-0.0662738234	-0.829537213	0	-0.3368074	-0.844980776	-0.0856151879	0	-0.997763991	0.447289705	-0.489362419	0	1.63447511	1.82187438	1.303442	1
0.166318297	0.655946374	-0.662565887	0	-0.695479691	0.535521686	0.355591148	0	0.731002152	0.49928689	0.677795947	0	2.60928917	1.38487291	1.7815485	1
0.116575263	0.692274392	-0.63567853	0	-0.705524087	0.487652808	0.401685596	0	0.731001973	0.49928695	0.677795947	0	1.7891432	0.824699283	1.02109718	1
0.997374296	0.00018579053	-0.0740007833	0	-0.0271289945	-0.929564476	-0.367974818	0	-0.0688249841	0.368845344	-0.926689386	0	0.96899718	0.264525414	0.260645509	1
-1	5.77189257e-06	0	0	5.77189257e-06	1	0	0	0	0	-1	0	1.01136136	0.0374885201	0.831054449	1
0.127194941	-0.863172293	0.554745078	0	-0.0697297752	-0.564979851	-0.863088787	0	0.926212966	0.0622177832	-0.115557492	0	-0.435368061	2.25887609	0.825335264	1
0.145050645	-0.492445141	0.897465587	0	-0.0011401868	-0.906510234	-0.497216851	0	0.926213026	0.0622178353	-0.115557551	0	-1.34027719	2.19808936	0.938234806	1
-0.0928074345	-0.522983313	0.82409817	0	0.80630976	0.425406039	0.360772431	0	-0.583592296	0.755347848	0.413631082	0	-2.24518633	2.13730264	1.05113435	1
-0.11395622	-0.533978105	0.814336896	0	0.803593636	0.411521226	0.382296026	0	-0.583592355	0.75534755	0.413631141	0	-1.59042621	1.28984189	0.587061882	1
0.997308433	-9.2078204e-05	0.0737584978	0	0.0271530095	-0.929343939	-0.368302792	0	0.0685720891	0.369266629	-0.926720679	0	-0.935666144	0.442381501	0.122989386	1
-0.99999994	0.000354327989	0	0	0.000354327989	0.99999994	0	0	0	0	-1	0	-0.977874577	0.215085462	0.693417192	1
0.189926118	-0.745556653	-0.638807058	0	0.493589431	-0.48993814	0.718561888	0	-0.848703444	-0.451781988	0.274946779	0	0.636593759	1.14187205	4.53582382	1
0.161780238	0.965277672	-0.358097583	0	0.958445787	-0.273585767	-0.304466486	0	-0.332156718	-0.249169812	-0.821715772	0	1.27486742	1.445925	4.3323617	1
0.343037456	0.894679427	-0.409958065	0	0.909471095	-0.454071552	-0.229940623	0	-0.332149059	-0.24916409	-0.821697593	0	1.70407891	1.76790118	5.39417934	1
0.804203272	0.466340303	-0.466486126	0	-0.659007728	0.53668493	-0.599586189	0	-0.0249969363	0.674678087	0.631373405	0	2.13328052	2.08986998	6.45597315	1
0.469956517	0.643232226	-0.66874373	0	-0.927455962	0.302912921	-0.360408187	0	-0.0249969382	0.674678087	0.631373823	0	2.17175555	1.05141211	5.48416948	1
0.18631579	-0.969162703	-0.161275655	0	-0.935814202	-0.225050926	0.271299869	0	-0.299228966	0.100376673	-0.94888705	0	2.21023059	0.012953639	4.51236439	1
-0.0363611542	0.766269803	0.641489923	0	-0.370542854	-0.606494963	0.703464806	0	0.928103209	-0.212120622	0.305988878	0	-0.137364969	1.03747809	4.52230215	1
0.279705882	-0.905890882	0.430637211	0	-0.937589347	-0.394978791	-0.221901	0	0.315636307	-0.290616781	-0.816353977	0	-0.826006234	1.16255236	4.29565763	1
0.500889719	-0.78152597	0.471882671	0	-0.840499759	-0.604884803	-0.109636985	0	0.315629035	-0.290610015	-0.816335559	0	-1.23387015	1.53808618	5.35054684	1
0.973671019	0.215003088	0.299921393	0	0.0740870535	0.715149641	-0.753184199	0	-0.320220381	0.642756879	0.578800261	0	-1.64172459	1.91361117	6.4054122	1
0.955476224	0.119104594	0.396350473	0	0.201467574	0.737210393	-0.707209945	0	-0.32022047	0.642757177	0.578800142	0	-1.14884436	0.924285769	5.51452827	1
0.417170495	0.89912045	0.132479995	0	0.908668518	-0.409912258	-0.0793271065	0	-0.0170194358	0.153473407	-0.988006055	0	-0.655963898	-0.0650402308	4.62364435	1
1	0	0	0	0	1	0	0	0	0	1	0	0	0	0	1
0.999999881	2.38181343e-07	1.06340625e-08	0	2.38418608e-07	-0.999004662	-0.0446024761	0	0	0.0446024835	-0.9990049	0	0.0699242726	2.30521727	1.19111538	1
1.00000012	2.37833433e-07	-2.21684768e-08	0	2.38418721e-07	-0.999493062	0.0318411626	0	-1.458434e-08	-0.0318411514	-0.999492764	0	0.0699242726	2.27085257	1.96081471	1
0.99654156	0.0793718696	-0.0245984104	0	0.0480620377	-0.792040646	-0.608573437	0	-0.0677865446	0.605286479	-0.793116093	0	0.0699242949	2.31965184	3.4926219	1
0.990876734	0.133652791	0.0173114762	0	0.112713993	-0.751435816	-0.650107741	0	-0.0738803446	0.646128714	-0.75964576	0	0.131012052	1.77418089	4.20736074	1
0.990877032	0.118462995	-0.0642592758	0	0.112521611	-0.989628196	-0.0893118382	0	-0.0741729438	0.0812664926	-0.993929625	0	0.205161095	1.12570238	4.96976948	1
0.990876675	0.0728105083	-0.113407858	0	0.11426492	-0.900068343	0.420501411	0	-0.0714580417	-0.429624349	-0.900178134	0	0.246964186	1.07990146	5.52993774	1
0.990877032	0.127502501	-0.0436565839	0	0.11426495	-0.966582179	-0.22948958	0	-0.0714581683	0.222407535	-0.972333133	0	0.285503626	1.31161058	6.01543045	1
0.990877032	0.0998525694	-0.0905110165	0	0.114264973	-0.9785586	0.171373531	0	-0.0714582875	-0.180152446	-0.981041491	0	0.323633283	1.19293523	6.5342617	1
0.990877032	0.0998524278	-0.0905109867	0	0.125790477	-0.444206566	0.887051344	0	0.0483686738	-0.890344441	-0.452714652	0	0.365281433	1.2979337	7.10604334	1
-0.154291943	-0.985577226	0.0695082247	0	-0.752953529	0.162842274	0.637607634	0	-0.639730453	0.0460412167	-0.767219067	0	0.0699242726	2.30521727	1.19111538	1
-0.154292062	0.985577226	-0.0695083514	0	0.75295341	0.162842438	0.637607634	0	0.639730453	0.0460412055	-0.767219007	0	0.0699242949	2.30521727	1.19111538	1
0.527484834	0.642769456	-0.365323961	0	0.242883444	-0.574527383	-0.660136521	0	-0.932125986	0.381373823	-0.674872041	0	0.617438316	2.28311658	1.22931564	1
0.552552223	0.0836191848	-0.715925336	0	-0.178668529	-0.858042061	-0.238109425	0	-0.932125688	0.381373882	-0.674871922	0	1.52812433	1.91051483	1.88866496	1
0.138012677	0.752806902	-0.557363868	0	-0.876035631	0.303162485	0.192547038	0	0.390660197	0.574557424	0.872763515	0	2.43880987	1.53791308	2.54801393	1
-0.106939614	0.807027817	-0.483414799	0	-0.880369008	0.0856239945	0.337696522	0	0.390660137	0.574557364	0.872763515	0	2.00050974	0.893289864	1.56881917	1
0.997320175	5.03070369e-05	-0.0736548752	0	-0.0271408819	-0.929415464	-0.368134201	0	-0.0684645548	0.36909318	-0.926788926	0	1.56220949	0.248666525	0.589624107	1
-1	5.77189257e-06	0	0	5.77189257e-06	1	0	0	0	0	-1	0	1.60435176	0.0214770734	1.16009426	1
0.103492692	-0.955681205	0.391585082	0	-0.23183468	-0.405009806	-0.927143931	0	0.899986625	0.00445373962	-0.226989508	0	-0.477590084	2.2831161	1.22931564	1
0.196857572	-0.670660436	0.767358065	0	-0.160329014	-0.792194545	-0.651228786	0	0.899986565	0.00445367722	-0.226989552	0	-1.35687613	2.27876472	1.45108414	1
-0.0905562267	-0.709670603	0.670073926	0	0.918378711	0.165899247	0.299815983	0	-0.35088411	0.695985198	0.689693332	0	-2.23616219	2.27441359	1.67285264	1
-0.262864918	-0.728247583	0.601157188	0	0.884603024	0.0284791421	0.421305925	0	-0.350883991	0.69598484	0.68969357	0	-1.84248853	1.49355459	0.899052739	1
0.997247756	-7.80927803e-05	0.073718816	0	0.027120905	-0.929448843	-0.367868006	0	0.0685551539	0.368900895	-0.927004397	0	-1.44881511	0.712696016	0.125252664	1
-0.99999994	0.000354327989	0	0	0.000354327989	0.99999994	0	0	0	0	-1	0	-1.49101305	0.485625088	0.695855081	1
0.189926118	-0.745556653	-0.638807058	0	0.493589431	-0.48993814	0.718561888	0	-0.848703444	-0.451781988	0.274946779	0	0.594371855	1.1661123	4.93980408	1
0.0999968871	0.940963566	-0.437605649	0	0.840833664	-0.331126958	-0.519869089	0	-0.53673178	-0.267458349	-0.697751641	0	1.23264599	1.47016525	4.73634243	1
0.177180097	0.906394124	-0.483726233	0	0.828023791	-0.416567683	-0.477264524	0	-0.53671962	-0.26745224	-0.697735906	0	1.9262085	1.81577373	5.63797426	1
0.359981358	0.785238802	-0.577901244	0	-0.962729216	0.188970074	-0.342926949	0	-0.137197524	0.582658648	0.706241131	0	2.61975527	2.16137433	6.53958559	1
0.0145398397	0.802993417	-0.659656107	0	-1.02772665	-0.0866658986	-0.128150344	0	-0.137197688	0.582658768	0.70624119	0	2.83092833	1.26455188	5.45254612	1
0.18631579	-0.969162703	-0.161275655	0	-0.935814202	-0.225050926	0.271299869	0	-0.299228966	0.100376673	-0.94888705	0	3.04210186	0.367728651	4.36550617	1
-0.0363611542	0.766269803	0.641489923	0	-0.370542854	-0.606494963	0.703464806	0	0.928103209	-0.212120622	0.305988878	0	-0.179586813	1.06171834	4.92628288	1
0.523821771	-0.836731791	0.331301421	0	-0.66224426	-0.61796093	-0.513640761	0	0.539714813	0.0422354862	-0.746675491	0	-0.868228137	1.18679249	4.69963837	1
0.641738057	-0.701820612	0.424165308	0	-0.548768342	-0.767769456	-0.440091342	0	0.539702356	0.0422344543	-0.746658325	0	-1.56564546	1.13221598	5.66448927	1
0.832599103	0.139034882	0.609686792	0	0.145712376	0.944139481	-0.414292812	0	-0.538625717	0.368972123	0.651415467	0	-2.2630465	1.07764077	6.62931776	1
0.845227897	0.292661995	0.533111632	0	0.00656918949	0.908338308	-0.509065509	0	-0.538625896	0.368972361	0.651416004	0	-1.43399882	0.509722352	5.62666512	1
0.417170495	0.89912045	0.132479995	0	0.908668518	-0.409912258	-0.0793271065	0	-0.0170194358	0.153473407	-0.988006055	0	-0.604950726	-0.0581965446	4.62401152	1
1	0	0	0	0	1	0	0	0	0	1	0	0	0	0	1
0.999999881	2.38181343e-07	1.06340625e-08	0	2.38418608e-07	-0.999004662	-0.0446024761	0	0	0.0446024835	-0.9990049	0	0.0195304938	2.35502601	1.67985845	1
1	2.38104292e-07	-1.36652529e-08	0	2.38418693e-07	-0.999493003	0.0318411551	0	0	-0.0318411551	-0.999493003	0	0.0195304938	2.32066131	2.44955778	1
0.996541619	0.0793718845	-0.0245984402	0	0.0480620563	-0.792040944	-0.608573258	0	-0.0677865595	0.605286121	-0.793116271	0	0.0195305031	2.36946058	3.9813652	1
0.990876734	0.133652776	0.0173114929	0	0.112713993	-0.751435816	-0.650107741	0	-0.0738803148	0.646128714	-0.75964576	0	0.0806182772	1.82398987	4.69610453	1
0.990876675	0.11846295	-0.0642592534	0	0.112521566	-0.989627838	-0.0893118083	0	-0.0741730109	0.0812665671	-0.993930459	0	0.154767275	1.17551136	5.45851326	1
0.990877032	0.0728104711	-0.113408029	0	0.114265002	-0.900068521	0.420501977	0	-0.0714580864	-0.429624468	-0.9001773	0	0.196570411	1.12971032	6.018682	1
0.990877032	0.127502501	-0.0436565839	0	0.11426495	-0.966582179	-0.22948958	0	-0.0714581683	0.222407535	-0.972333133	0	0.235109881	1.36141956	6.50417423	1
0.990876973	0.0998525694	-0.0905109718	0	0.114264987	-0.978558421	0.17137371	0	-0.0714582354	-0.18015264	-0.981041551	0	0.273239553	1.24274421	7.02300549	1
0.990877032	0.0998524278	-0.0905109867	0	0.125790477	-0.444206566	0.887051344	0	0.0483686738	-0.890344441	-0.452714652	0	0.314887643	1.3477428	7.5947876	1
-0.154291943	-0.985577226	0.0695082247	0	-0.752953529	0.162842274	0.637607634	0	-0.639730453	0.0460412167	-0.767219067	0	0.0195304938	2.35502601	1.67985845	1
-0.154292062	0.985577226	-0.0695083514	0	0.75295341	0.162842438	0.637607634	0	0.639730453	0.0460412055	-0.767219007	0	0.0195305161	2.35502601	1.67985845	1
0.576910973	0.62285924	-0.282379389	0	0.271310538	-0.547579706	-0.653502047	0	-0.876466811	0.468768001	-0.756665647	0	0.567044735	2.33292508	1.71805871	1
0.624005616	0.167784482	-0.618857384	0	-0.130602628	-0.812182903	-0.351881444	0	-0.876466274	0.468767852	-0.75666517	0	1.42335188	1.8749392	2.45732021	1
0.0095940968	0.835345745	-0.443866998	0	-0.9459427	0.0101622771	-0.00132082892	0	0.00425456883	0.524287701	0.986787379	0	2.27965832	1.41695356	3.19658113	1
-0.427436113	0.746029198	-0.394528002	0	-0.8439188	-0.375961512	0.203389972	0	0.00425472856	0.524287522	0.98678714	0	2.27488494	0.828730345	2.08945751	1
0.99731344	-3.35396217e-05	-0.0734428614	0	-0.0271466263	-0.929360688	-0.368211508	0	-0.068238765	0.369195372	-0.926813066	0	2.27011132	0.240507126	0.982333899	1
-1	5.77189257e-06	0	0	5.77189257e-06	1	0	0	0	0	-1	0	2.31211472	0.0132547766	1.55281901	1
