36	5	MATRIX4
1	0	0	0	0	1	0	0	0	0	1	0	0	0	0	1
0.99999994	2.38181357e-07	1.06340634e-08	0	2.38418608e-07	-0.999004722	-0.0446024798	0	0	0.0446024872	-0.9990049	0	-0.0290459841	4.67490292	-0.121816695	1
1	2.38297787e-07	0	0	2.38418693e-07	-0.999493003	0.0318409204	0	0	-0.0318409204	-0.999492943	0	-0.0290459841	4.64053822	0.647882581	1
0.996541619	0.0793718845	-0.0245984327	0	0.04806206	-0.792040944	-0.608573258	0	-0.0677865446	0.605286121	-0.793116271	0	-0.0290459841	4.68933725	2.17968988	1
0.990876853	0.133652791	0.0173115022	0	0.112713993	-0.751435757	-0.650108039	0	-0.0738803074	0.646128714	-0.759645462	0	0.0320417732	4.14386654	2.89442897	1
0.990876853	0.118462972	-0.0642592832	0	0.112521611	-0.989628017	-0.0893113241	0	-0.0741729438	0.081266053	-0.993930161	0	0.106190771	3.49538803	3.65683722	1
0.990877032	0.0728104711	-0.113408029	0	0.114265002	-0.900068521	0.420501977	0	-0.0714580864	-0.429624468	-0.9001773	0	0.147993863	3.44958735	4.21700573	1
0.990876615	0.127502427	-0.0436565317	0	0.11426492	-0.966581821	-0.229489058	0	-0.0714581385	0.222407326	-0.972334087	0	0.186533332	3.68129659	4.70249796	1
0.990876615	0.099852547	-0.0905108303	0	0.114264898	-0.978558183	0.171373129	0	-0.0714582354	-0.180152252	-0.981042385	0	0.224662974	3.56262136	5.22132969	1
0.990877032	0.0998524278	-0.0905109867	0	0.125790477	-0.444206566	0.887051344	0	0.0483686775	-0.89034456	-0.452714711	0	0.266311079	3.66761971	5.7931118	1
-0.154291943	-0.985577226	0.0695082247	0	-0.752953529	0.162842274	0.637607634	0	-0.639730453	0.0460412167	-0.767219067	0	-0.0290459841	4.67490292	-0.121816665	1
-0.154292062	0.985577226	-0.0695083514	0	0.75295341	0.162842438	0.637607634	0	0.639730453	0.0460412055	-0.767219007	0	-0.0290459618	4.67490292	-0.121816643	1
-0.131976277	-0.544297755	-0.598321676	0	-0.78552258	-0.0583067313	0.226321071	0	-0.350387126	1.10801232	-0.9306795	0	0.518468142	4.65280247	-0.0836163461	1
-0.158169493	-0.545943439	-0.590419531	0	-0.780670762	-0.0400759205	0.246198952	0	-0.350387007	1.10801196	-0.930679381	0	0.860795975	3.57027578	0.825656533	1
-0.314114183	0.540587068	-0.68398875	0	-0.867857575	-0.124624245	0.300057918	0	0.104369067	0.932765007	0.689275682	0	1.20312357	2.48774958	1.73492908	1
-0.451804787	0.512930632	-0.625713766	0	-0.804808795	-0.211347625	0.407870054	0	0.104369178	0.932764828	0.689275503	0	1.08602691	1.44123626	0.961598039	1
0.996953011	8.39773857e-05	-0.0737123787	0	-0.0272544492	-0.928412199	-0.369671196	0	-0.0685557947	0.371036977	-0.926787913	0	0.968930125	0.394722819	0.188266933	1
-1	5.77189257e-06	0	0	5.77189257e-06	1	0	0	0	0	-1	0	1.01112854	0.166336894	0.758736551	1
-0.262825906	0.410599947	0.817353725	0	0.911058426	0.0418290049	0.271955997	0	0.0944415852	0.994849563	-0.469397157	0	-0.576560199	4.65280199	-0.0836164281	1
-0.288504243	0.40925172	0.809329927	0	0.903256595	0.0534304082	0.294974327	0	0.0944414735	0.994849563	-0.469397157	0	-0.668829501	3.68083501	0.374984086	1
-0.360838324	-0.2109126	0.844864666	0	0.868572772	-0.152437165	0.332909673	0	0.0742001161	1.08176804	0.301743865	0	-0.761098742	2.70886803	0.833584607	1
-0.472138107	-0.188988164	0.793633342	0	0.813454807	-0.178898722	0.441329151	0	0.0742001459	1.0817678	0.301743925	0	-0.844347417	1.49518085	0.495043755	1
0.996958792	-7.08380321e-05	0.0736788884	0	0.0272558164	-0.928406656	-0.369694114	0	0.0685184449	0.37105608	-0.926775575	0	-0.927596092	0.281494021	0.156502873	1
-0.99999994	0.000354327989	0	0	0.000354327989	0.99999994	0	0	0	0	-1	0	-0.969771504	0.0530965179	0.726964474	1
0.189926118	-0.745556653	-0.638807058	0	0.493589431	-0.48993814	0.718561888	0	-0.848703444	-0.451781988	0.274946779	0	0.495401621	3.53579807	3.62687254	1
0.831734002	0.602421343	0.16086638	0	0.592223227	-0.67931962	-0.51804173	0	-0.173684463	0.450605392	-0.789444268	0	1.13367522	3.8398509	3.42341018	1
0.969987512	0.373790562	-5.01998875e-05	0	0.318837553	-0.827457249	-0.542449951	0	-0.173680469	0.45059523	-0.789426088	0	1.35810947	3.25758052	4.44352674	1
1.01335108	0.0370147116	-0.201817572	0	-0.204392597	0.271319062	-0.976519525	0	0.0162869021	0.902064562	0.247223303	0	1.5825386	2.67532349	5.46361971	1
0.730285406	0.181157663	-0.709116578	0	-0.731669486	0.205343395	-0.701052904	0	0.0162868295	0.902064681	0.247223035	0	1.55746996	1.28687453	5.08309603	1
0.18631579	-0.969162703	-0.161275655	0	-0.935814202	-0.225050926	0.271299869	0	-0.299228966	0.100376673	-0.94888705	0	1.53240144	-0.101575375	4.70257235	1
-0.0363611542	0.766269803	0.641489923	0	-0.370542854	-0.606494963	0.703464806	0	0.928103209	-0.212120622	0.305988878	0	-0.278557092	3.43140364	3.61335063	1
0.827381968	-0.632300198	-0.0124870194	0	-0.594827473	-0.771059752	-0.369009078	0	0.190188095	0.265892953	-0.862169802	0	-0.967198312	3.55647731	3.38670564	1
0.963325739	-0.384341598	0.0939712897	0	-0.332276881	-0.920131564	-0.357066333	0	0.19018364	0.265887052	-0.862149954	0	-1.21295857	3.21289158	4.50079823	1
1.01037371	0.0184671264	0.228575423	0	0.213300765	0.303521156	-0.96737802	0	-0.075712733	0.890555799	0.262723505	0	-1.45871305	2.86931348	5.61486435	1
0.889435768	-0.0793811902	0.525400281	0	0.524648607	0.293538332	-0.843813777	0	-0.0757127479	0.890556097	0.262723565	0	-1.34217668	1.49857831	5.2104826	1
0.417170495	0.89912045	0.132479995	0	0.908668518	-0.409912258	-0.0793271065	0	-0.0170194358	0.153473407	-0.988006055	0	-1.2256403	0.127842426	4.80610085	1
1	0	0	0	0	1	0	0	0	0	1	0	0	0	0	1
0.999999881	2.38181343e-07	1.06340625e-08	0	2.38418608e-07	-0.999004662	-0.0446024761	0	0	0.0446024835	-0.9990049	0	-0.0983094871	4.28193951	0.57198143	1
1.00000012	2.38297815e-07	0	0	2.38418721e-07	-0.999493062	0.0318409242	0	0	-0.031840913	-0.999492764	0	-0.0983094871	4.24757481	1.34168077	1
0.996541619	0.079371877	-0.0245984327	0	0.04806206	-0.792040944	-0.608573258	0	-0.0677865297	0.605285943	-0.793116093	0	-0.0983094871	4.29637384	2.87348795	1
0.990876853	0.133652791	0.0173115022	0	0.112713993	-0.751435757	-0.650108039	0	-0.0738803074	0.646128714	-0.759645462	0	-0.0372217409	3.75090337	3.5882268	1
0.990877032	0.118462995	-0.0642592758	0	0.112521611	-0.989628196	-0.0893118382	0	-0.0741729438	0.0812664926	-0.993929625	0	0.0369272567	3.10242486	4.35063505	1
0.990877032	0.0728104711	-0.113408029	0	0.114265002	-0.900068521	0.420501977	0	-0.0714580864	-0.429624468	-0.9001773	0	0.0787303597	3.05662394	4.91080332	1
0.990877032	0.127502501	-0.0436566137	0	0.114264965	-0.966582239	-0.229489356	0	-0.0714581609	0.222407281	-0.972333074	0	0.117269829	3.28833318	5.39629555	1
0.990877032	0.0998525843	-0.0905109197	0	0.114264965	-0.9785586	0.171373397	0	-0.0714582056	-0.180152297	-0.981041491	0	0.155399486	3.16965795	5.9151268	1
0.990877151	0.0998524427	-0.0905109942	0	0.125790492	-0.444206625	0.887051463	0	0.0483686663	-0.890344322	-0.452714622	0	0.197047576	3.2746563	6.48690844	1
-0.154291943	-0.985577226	0.0695082247	0	-0.752953529	0.162842274	0.637607634	0	-0.639730453	0.0460412167	-0.767219067	0	-0.0983094871	4.28193951	0.57198143	1
-0.154292062	0.985577226	-0.0695083514	0	0.75295341	0.162842438	0.637607634	0	0.639730453	0.0460412055	-0.767219007	0	-0.0983094648	4.28193951	0.57198143	1
0.452739507	-0.217946544	-0.688108861	0	-0.575582743	-0.599149406	-0.188923106	0	-0.70414561	0.913795471	-0.752719581	0	0.449204743	4.2598381	0.610181689	1
0.241250798	-0.400730848	-0.712166369	0	-0.691421509	-0.49587968	0.0448091589	0	-0.704145372	0.913795233	-0.752719581	0	1.13715422	3.3670609	1.34558797	1
-0.117610477	0.649270296	-0.669066787	0	-0.927206099	-0.0109880269	0.15232411	0	0.117406666	0.818567514	0.773709357	0	1.82510328	2.47428417	2.08099413	1
-0.361529708	0.622632146	-0.60387063	0	-0.861881137	-0.18439585	0.325872809	0	0.117406555	0.818567276	0.773709416	0	1.69337916	1.55589449	1.21293294	1
0.997466266	-8.83812463e-05	-0.0733155385	0	-0.0271119848	-0.929702044	-0.367740542	0	-0.0680863261	0.368565053	-0.926766694	0	1.56165516	0.637504756	0.344871402	1
-1	5.77189257e-06	0	0	5.77189257e-06	1	0	0	0	0	-1	0	1.60356462	0.410640389	0.915327907	1
0.027663542	0.283757597	0.955162823	0	0.944406629	-0.312153429	0.0653927624	0	0.320793509	0.911851704	-0.280181646	0	-0.645823658	4.25983858	0.610181689	1
-0.0907411128	0.320591599	0.939471483	0	0.940443277	-0.274189919	0.184407011	0	0.32079348	0.911851823	-0.280181855	0	-0.959238529	3.36896038	0.883918881	1
-0.290213674	-0.335085362	0.856720388	0	0.917987049	-0.163688391	0.246944919	0	0.0663992837	0.991151929	0.41015777	0	-1.27265334	2.47808218	1.15765619	1
-0.465073884	-0.29635188	0.79142797	0	0.842989087	-0.22638844	0.410601646	0	0.0663992539	0.991151631	0.410157621	0	-1.34714985	1.36606145	0.697480559	1
0.99749583	7.16614086e-05	0.0733589679	0	0.0270914305	-0.929846525	-0.367466003	0	0.0681344941	0.368253499	-0.926816225	0	-1.42164636	0.254041195	0.237305194	1
-0.99999994	0.000354327989	0	0	0.000354327989	0.99999994	0	0	0	0	-1	0	-1.46358538	0.027368769	0.80779171	1
0.189926118	-0.745556653	-0.638807058	0	0.493589431	-0.48993814	0.718561888	0	-0.848703444	-0.451781988	0.274946779	0	0.426138103	3.14283466	4.32067013	1
0.773958564	0.693742216	0.0701893494	0	0.627562165	-0.647325218	-0.521873951	0	-0.26883927	0.380367517	-0.795086324	0	1.06441188	3.44688773	4.11720896	1
0.932227671	0.454574913	-0.0977425948	0	0.351879656	-0.832880437	-0.517427742	0	-0.26883322	0.380359083	-0.795068622	0	1.4118048	2.95537853	5.14461613	1
0.984548807	0.0194424801	-0.323599488	0	-0.289860398	0.516142607	-0.85088706	0	0.130353302	0.806944668	0.445081621	0	1.75918984	2.4638803	6.17200041	1
0.750259638	0.248680651	-0.67059648	0	-0.700332701	0.452702492	-0.615650952	0	0.130353421	0.806944728	0.445082039	0	1.55855131	1.22183895	5.48693514	1
0.18631579	-0.969162703	-0.161275655	0	-0.935814202	-0.225050926	0.271299869	0	-0.299228966	0.100376673	-0.94888705	0	1.35791254	-0.0202032328	4.80186892	1
-0.0363611542	0.766269803	0.641489923	0	-0.370542854	-0.606494963	0.703464806	0	0.928103209	-0.212120622	0.305988878	0	-0.34782058	3.0384407	4.30714846	1
0.57761085	-0.840491772	0.215418771	0	-0.792189479	-0.616420865	-0.280940026	0	0.312532872	-0.00709796697	-0.865700662	0	-1.03646195	3.16351438	4.08050394	1
0.741300106	-0.679947972	0.273197174	0	-0.641634822	-0.789998412	-0.225164041	0	0.31252566	-0.00709781051	-0.865680397	0	-1.44031572	3.17268634	5.19915867	1
0.923819244	-0.331729054	0.336234063	0	0.430007488	0.285087764	-0.900198877	0	0.174958482	0.842327297	0.350334436	0	-1.84415996	3.18185806	6.31778717	1
0.719379961	-0.409582198	0.625518918	0	0.72169292	0.153496921	-0.729477108	0	0.174958497	0.842327893	0.350334585	0	-2.11345434	1.88535571	5.77855587	1
0.417170495	0.89912045	0.132479995	0	0.908668518	-0.409912258	-0.0793271065	0	-0.0170194358	0.153473407	-0.988006055	0	-2.38274884	0.588852286	5.23932409	1
1	0	0	0	0	1	0	0	0	0	1	0	0	0	0	1
0.999999881	2.38181343e-07	1.06340625e-08	0	2.38418608e-07	-0.999004662	-0.0446024761	0	0	0.0446024835	-0.9990049	0	-0.180978835	3.81291842	1.40006232	1
1	2.38297787e-07	0	0	2.38418693e-07	-0.999493003	0.0318411551	0	0	-0.0318411551	-0.999493003	0	-0.180978835	3.77855372	2.16976166	1
0.996541858	0.0793718994	-0.0245984253	0	0.0480620638	-0.792041063	-0.608573556	0	-0.0677865073	0.605285943	-0.793115735	0	-0.180978835	3.827353	3.70156908	1
0.990876734	0.133652776	0.0173115041	0	0.112713993	-0.751435816	-0.650107741	0	-0.0738802999	0.646128714	-0.75964576	0	-0.119891107	3.28188252	4.41630793	1
0.990876675	0.11846295	-0.0642592534	0	0.112521611	-0.989627898	-0.0893112868	0	-0.0741729513	0.0812660456	-0.993930519	0	-0.0457421169	2.63340402	5.17871666	1
0.990876913	0.0728104562	-0.113408037	0	0.114265025	-0.900068164	0.420502365	0	-0.071458064	-0.429625005	-0.90017724	0	-0.00393901393	2.58760333	5.7388854	1
0.990877032	0.127502501	-0.0436566137	0	0.114264965	-0.966582239	-0.229489356	0	-0.0714581609	0.222407281	-0.972333074	0	0.0346004404	2.81931281	6.22437763	1
0.990877032	0.0998525843	-0.0905109197	0	0.114264965	-0.9785586	0.171373397	0	-0.0714582056	-0.180152297	-0.981041491	0	0.0727301016	2.70063758	6.74320889	1
0.990877151	0.0998524427	-0.0905109942	0	0.125790492	-0.444206625	0.887051463	0	0.0483686663	-0.890344322	-0.452714622	0	0.114378192	2.80563593	7.31499052	1
-0.154291943	-0.985577226	0.0695082247	0	-0.752953529	0.162842274	0.637607634	0	-0.639730453	0.0460412167	-0.767219067	0	-0.180978835	3.81291842	1.40006232	1
-0.154292062	0.985577226	-0.0695083514	0	0.75295341	0.162842438	0.637607634	0	0.639730453	0.0460412055	-0.767219007	0	-0.180978805	3.81291842	1.40006232	1
0.614542246	0.192390114	-0.576514006	0	-0.25431475	-0.663248539	-0.492412269	0	-0.8549155	0.804952443	-0.642684817	0	0.366535395	3.7908175	1.4382627	1
0.465968549	-0.082566835	-0.723256826	0	-0.474563718	-0.685632825	-0.22746782	0	-0.854915082	0.804952264	-0.64268446	0	1.20178688	3.00437975	2.06616497	1
-0.129814133	0.795507491	-0.487902224	0	-0.929207623	-0.15575777	-0.00672693551	0	-0.103221767	0.574174464	0.963635325	0	2.03703785	2.21794248	2.69406676	1
-0.536775827	0.638570726	-0.437985122	0	-0.769512653	-0.499319226	0.215087444	0	-0.103221804	0.574174464	0.963635385	0	2.15284729	1.57374895	1.61291862	1
0.99731189	-2.8835424e-05	-0.0734545961	0	-0.0271553881	-0.929312587	-0.368330151	0	-0.0682480484	0.369315088	-0.926766098	0	2.26865673	0.929555178	0.531769991	1
-1	5.77189257e-06	0	0	5.77189257e-06	1	0	0	0	0	-1	0	2.31066585	0.702229142	1.10222614	1
0.229760557	-0.0202120058	0.988661408	0	0.820795238	-0.562181115	-0.202231348	0	0.527088821	0.807683945	-0.105981	0	-0.728493154	3.7908175	1.43826282	1
0.075619787	0.0830450729	1.00897717	0	0.848983884	-0.556380272	-0.0178298466	0	0.527088761	0.807684004	-0.105981112	0	-1.24345839	3.00171113	1.5418061	1
-0.24011673	-0.494638354	0.796352386	0	0.931894839	-0.215436623	0.147171542	0	0.112614684	0.886460602	0.584562957	0	-1.75842357	2.21260476	1.6453495	1
-0.499253094	-0.4112432	0.719809413	0	0.822696865	-0.349226594	0.37109372	0	0.112614729	0.886460304	0.584563136	0	-1.88477135	1.21804225	0.989500403	1
0.997371733	0.000125847611	0.0732130334	0	0.0270980578	-0.9296664	-0.367554933	0	0.0680024251	0.368491381	-0.927021623	0	-2.01111913	0.223480225	0.333651185	1
-0.99999994	0.000354327989	0	0	0.000354327989	0.99999994	0	0	0	0	-1	0	-2.05297685	-0.00333862007	0.904264212	1
0.189926118	-0.745556653	-0.638807058	0	0.493589431	-0.48993814	0.718561888	0	-0.848703444	-0.451781988	0.274946779	0	0.343468755	2.67381382	5.14875078	1
0.742279828	0.727562368	-0.0808238909	0	0.529323161	-0.612957239	-0.656474829	0	-0.446275234	0.376297653	-0.711189806	0	0.981742382	2.97786641	4.94528866	1
0.861576915	0.524802148	-0.262965977	0	0.298104227	-0.793515503	-0.606918693	0	-0.446265101	0.376288861	-0.711173594	0	1.55841732	2.49161625	5.86428499	1
0.891113102	0.056111306	-0.529488385	0	-0.3940323	0.763783693	-0.58220458	0	0.320140272	0.626461267	0.605174422	0	2.13507915	2.00537753	6.78326035	1
0.766791642	0.242284358	-0.656443119	0	-0.601144135	0.726506829	-0.434052974	0	0.320140511	0.626461387	0.605174839	0	1.64232242	1.04113448	5.85178185	1
0.18631579	-0.969162703	-0.161275655	0	-0.935814202	-0.225050926	0.271299869	0	-0.299228966	0.100376673	-0.94888705	0	1.14956498	0.0768906474	4.92030191	1
-0.0363611542	0.766269803	0.641489923	0	-0.370542854	-0.606494963	0.703464806	0	0.928103209	-0.212120622	0.305988878	0	-0.430489957	2.56941986	5.13522959	1
0.349685341	-0.896818101	0.399751842	0	-0.862258971	-0.483464509	-0.330356896	0	0.41479528	-0.194180042	-0.798475325	0	-1.11913157	2.69449425	4.90858507	1
0.440117121	-0.83982724	0.432870418	0	-0.819809437	-0.576832354	-0.285599142	0	0.414785743	-0.194175571	-0.79845655	0	-1.65512836	2.94541287	5.94037151	1
0.575846076	-0.720856607	0.474446386	0	0.647512913	-0.0161447935	-0.810431182	0	0.51089263	0.668018758	0.394881755	0	-2.19111252	3.19632578	6.97213364	1
0.273624122	-0.655995965	0.755732059	0	0.822192967	-0.299272478	-0.557464302	0	0.510892689	0.668018937	0.394882172	0	-2.97747374	2.16811752	6.36433554	1
0.417170495	0.89912045	0.132479995	0	0.908668518	-0.409912258	-0.0793271065	0	-0.0170194358	0.153473407	-0.988006055	0	-3.76383519	1.13990891	5.75653648	1
1	0	0	0	0	1	0	0	0	0	1	0	0	0	0	1
0.999999881	2.38181343e-07	1.06340625e-08	0	2.38418608e-07	-0.999004662	-0.0446024761	0	0	0.0446024835	-0.9990049	0	-0.250242323	3.41995502	2.09386015	1
1.00000012	2.38297815e-07	0	0	2.38418721e-07	-0.999493062	0.0318411626	0	0	-0.0318411514	-0.999492764	0	-0.250242323	3.38559031	2.86355948	1
0.996541619	0.0793718919	-0.0245984439	0	0.0480620563	-0.792040944	-0.608573258	0	-0.0677865595	0.605286121	-0.793116271	0	-0.250242323	3.43438959	4.39536667	1
0.990876734	0.133652776	0.0173115041	0	0.112713993	-0.751435816	-0.650107741	0	-0.0738802999	0.646128714	-0.75964576	0	-0.18915455	2.88891888	5.11010599	1
0.990876675	0.118462943	-0.0642591938	0	0.112521574	-0.989627838	-0.089311704	0	-0.0741729364	0.0812664703	-0.993930459	0	-0.11500556	2.24044037	5.87251472	1
0.990877032	0.0728104711	-0.113408029	0	0.114265002	-0.900068521	0.420501977	0	-0.0714580864	-0.429624468	-0.9001773	0	-0.0732024685	2.19463944	6.43268347	1
0.990877032	0.127502501	-0.0436566062	0	0.114264965	-0.966582239	-0.229489356	0	-0.0714581534	0.222407281	-0.972333074	0	-0.0346630029	2.42634869	6.9181757	1
0.990877032	0.0998525843	-0.0905109197	0	0.114264965	-0.9785586	0.171373397	0	-0.0714582056	-0.180152297	-0.981041491	0	0.00346665084	2.30767345	7.43700695	1
0.990877151	0.0998524427	-0.0905109942	0	0.125790492	-0.444206625	0.887051463	0	0.0483686663	-0.890344322	-0.452714622	0	0.0451147407	2.4126718	8.00878906	1
-0.154291943	-0.985577226	0.0695082247	0	-0.752953529	0.162842274	0.637607634	0	-0.639730453	0.0460412167	-0.767219067	0	-0.250242323	3.41995502	2.09386015	1
-0.154292062	0.985577226	-0.0695083514	0	0.75295341	0.162842438	0.637607634	0	0.639730453	0.0460412055	-0.767219007	0	-0.250242293	3.41995502	2.09386015	1
0.575978339	0.347673923	-0.531968892	0	-0.211387798	-0.572260857	-0.602869689	0	-0.949904859	0.849494815	-0.473293483	0	0.297271729	3.39785409	2.13206029	1
0.479913116	0.149443895	-0.694959879	0	-0.382254869	-0.652704537	-0.404323161	0	-0.949904501	0.849494696	-0.473293245	0	1.22532773	2.56789851	2.59446764	1
-0.283520311	0.849791348	-0.28710556	0	-0.857682705	-0.344986051	-0.17413646	0	-0.315427005	0.251387149	1.05555809	0	2.15338326	1.73794329	3.05687451	1
-0.758841038	0.445360512	-0.332825631	0	-0.490065157	-0.801757157	0.0444993675	0	-0.315426916	0.251387119	1.05555809	0	2.50727582	1.45590019	1.87259388	1
0.997289002	-7.60800103e-05	-0.0733337849	0	-0.027152542	-0.929293931	-0.368291557	0	-0.0681256354	0.369311482	-0.926844954	0	2.86116838	1.17385697	0.688312888	1
-1	5.77189257e-06	0	0	5.77189257e-06	1	0	0	0	0	-1	0	2.90310192	0.946533144	1.25881767	1
0.201554745	-0.1769007	0.971975863	0	0.801049292	-0.551345944	-0.266444981	0	0.56408298	0.805257022	0.0295860525	0	-0.797756612	3.39785409	2.13206053	1
0.0873791277	-0.0979395509	0.999714375	0	0.821381509	-0.57068646	-0.127695546	0	0.564082861	0.805257022	0.0295858923	0	-1.34886503	2.61111879	2.1031549	1
-0.267613202	-0.612751186	0.698029637	0	0.896322846	-0.360845357	0.0268748533	0	0.269670635	0.724945009	0.739765763	0	-1.89997339	1.8243835	2.07424951	1
-0.612118304	-0.410491943	0.625406802	0	0.707334757	-0.580663264	0.311181456	0	0.269670784	0.72494489	0.739765584	0	-2.20252967	1.01103306	1.24427104	1
0.997279704	0.000225426033	0.0729545802	0	0.0270809419	-0.92964083	-0.367319942	0	0.0677537397	0.368377835	-0.927323222	0	-2.50508618	0.197682858	0.414292812	1
-0.99999994	0.000354327989	0	0	0.000354327989	0.99999994	0	0	0	0	-1	0	-2.54679084	-0.0290661007	0.985091448	1
0.189926118	-0.745556653	-0.638807058	0	0.493589431	-0.48993814	0.718561888	0	-0.848703444	-0.451781988	0.274946779	0	0.274205267	2.28085041	5.84254885	1
0.691622317	0.734579146	-0.2629444	0	0.291861624	-0.569453657	-0.823180974	0	-0.63839227	0.416824996	-0.514692068	0	0.912478924	2.58490324	5.63908672	1
0.738682628	0.592454433	-0.436415702	0	0.133736357	-0.716171682	-0.745872498	0	-0.638377726	0.416815341	-0.514680028	0	1.73740673	2.04628372	6.30416965	1
0.716492891	0.203288987	-0.724058807	0	-0.481302381	0.892382205	-0.225725189	0	0.515619695	0.438284904	0.633286059	0	2.56231546	1.50767684	6.96923685	1
0.719152927	0.198333338	-0.72279501	0	-0.477318496	0.893496692	-0.229740173	0	0.515619814	0.438284934	0.633286119	0	1.76867867	0.83307302	5.99448919	1
0.18631579	-0.969162703	-0.161275655	0	-0.935814202	-0.225050926	0.271299869	0	-0.299228966	0.100376673	-0.94888705	0	0.975041211	0.158468723	5.01974106	1
-0.0363611542	0.766269803	0.641489923	0	-0.370542854	-0.606494963	0.703464806	0	0.928103209	-0.212120622	0.305988878	0	-0.499753416	2.17645645	5.82902765	1
0.198259205	-0.890343428	0.501593947	0	-0.790572584	-0.457391202	-0.499402583	0	0.574052811	-0.253389657	-0.676672995	0	-1.18839502	2.30153108	5.60238314	1
0.218065307	-0.878578603	0.513990939	0	-0.785349846	-0.479625821	-0.486646146	0	0.574039638	-0.253383696	-0.676657081	0	-1.93018365	2.62896013	6.47677708	1
0.243767083	-0.856997967	0.527713239	0	0.59565866	-0.314813018	-0.786405087	0	0.730545878	0.440057606	0.377184838	0	-2.67195511	2.95638132	7.35115051	1
-0.0679269731	-0.605143249	0.837577999	0	0.640013874	-0.683633447	-0.442014933	0	0.730546057	0.440057844	0.377184957	0	-3.79640436	2.27904868	6.77059126	1
0.417170495	0.89912045	0.132479995	0	0.908668518	-0.409912258	-0.0793271065	0	-0.0170194358	0.153473407	-0.988006055	0	-4.92085409	1.60171568	6.19003153	1
1	0	0	0	0	1	0	0	0	0	1	0	0	0	0	1
0.999999881	2.38181343e-07	1.06340625e-08	0	2.38418608e-07	-0.999004662	-0.0446024761	0	0	0.0446024835	-0.9990049	0	-0.279288352	3.25516438	2.38480806	1
1.00000012	2.38297815e-07	0	0	2.38418721e-07	-0.999493062	0.0318409242	0	0	-0.031840913	-0.999492764	0	-0.279288352	3.22079968	3.1545074	1
0.99654156	0.079371877	-0.0245984253	0	0.048062034	-0.792040646	-0.608573437	0	-0.0677865744	0.605286479	-0.793116093	0	-0.279288352	3.26959848	4.68631458	1
0.990876853	0.133652806	0.0173114799	0	0.112714022	-0.751435995	-0.650107741	0	-0.0738802925	0.646128416	-0.7596457	0	-0.218200564	2.72412753	5.40105343	1
0.990876675	0.118462943	-0.0642591789	0	0.112521574	-0.989627838	-0.089311704	0	-0.0741729215	0.0812664703	-0.993930459	0	-0.144051582	2.07564926	6.16346169	1
0.990877032	0.0728104711	-0.113408029	0	0.114265002	-0.900068521	0.420501977	0	-0.0714580864	-0.429624468	-0.9001773	0	-0.102248497	2.02984834	6.72363043	1
0.990877032	0.127502501	-0.0436565839	0	0.114264965	-0.966582239	-0.229489356	0	-0.0714581311	0.222407281	-0.972333074	0	-0.0637090355	2.26155758	7.20912266	1
0.990877032	0.0998525843	-0.0905109197	0	0.114264965	-0.9785586	0.171373397	0	-0.0714582056	-0.180152297	-0.981041491	0	-0.0255793929	2.14288235	7.72795391	1
0.990877151	0.0998524427	-0.0905109942	0	0.125790492	-0.444206625	0.887051463	0	0.0483686663	-0.890344322	-0.452714622	0	0.016068697	2.2478807	8.29973602	1
-0.154291943	-0.985577226	0.0695082247	0	-0.752953529	0.162842274	0.637607634	0	-0.639730453	0.0460412167	-0.767219067	0	-0.279288352	3.25516438	2.38480806	1
-0.154292062	0.985577226	-0.0695083514	0	0.75295341	0.162842438	0.637607634	0	0.639730453	0.0460412055	-0.767219007	0	-0.279288322	3.25516438	2.38480806	1
0.530322492	0.364464909	-0.555705309	0	-0.266174376	-0.534956992	-0.60486114	0	-0.990750551	0.896899343	-0.357255846	0	0.268225819	3.23306346	2.42300844	1
0.447559267	0.220119551	-0.688566267	0	-0.389590561	-0.608735621	-0.447823197	0	-0.990749896	0.896898866	-0.357255846	0	1.23618805	2.35679388	2.77204704	1
-0.37468791	0.834089577	-0.21533446	0	-0.793807745	-0.425514936	-0.266967595	0	-0.403601795	0.0910498127	1.0549562	0	2.20414948	1.48052478	3.12108564	1
-0.824619353	0.293769628	-0.34083429	0	-0.300873935	-0.889082551	-0.0383736454	0	-0.403601468	0.0910496488	1.05495608	0	2.65696955	1.37837172	1.93748033	1
0.997266829	-0.000188522972	-0.0730483383	0	-0.0271385796	-0.929323673	-0.368100792	0	-0.0678328201	0.369167835	-0.927016437	0	3.10978937	1.27621877	0.75387466	1
-1	5.77189257e-06	0	0	5.77189257e-06	1	0	0	0	0	-1	0	3.1515429	1.04898334	1.32448483	1
0.14181231	-0.209185988	0.965305924	0	0.82793653	-0.506613612	-0.231406018	0	0.54211235	0.839255512	0.102228954	0	-0.826802433	3.2330637	2.42300797	1
0.0594815984	-0.158210903	0.983421147	0	0.837884426	-0.524770379	-0.13509734	0	0.542112291	0.839255929	0.102228574	0	-1.35644555	2.41311193	2.32313037	1
-0.297134906	-0.647162259	0.650954306	0	0.856293082	-0.441887408	-0.0484490357	0	0.368159175	0.626686335	0.791085899	0	-1.88608861	1.59315979	2.22325325	1
-0.669629693	-0.357983977	0.59522444	0	0.610837162	-0.697087348	0.267947584	0	0.368159026	0.626685977	0.791086137	0	-2.29914403	0.890050471	1.33569622	1
0.997233868	0.000244940165	0.0729019269	0	0.0270826593	-0.929578364	-0.36734283	0	0.0677064881	0.368455648	-0.927402854	0	-2.71219921	0.186941624	0.448139012	1
-0.99999994	0.000354327989	0	0	0.000354327989	0.99999994	0	0	0	0	-1	0	-2.75387478	-0.0398552269	1.0189867	1
0.189926118	-0.745556653	-0.638807058	0	0.493589431	-0.48993814	0.718561888	0	-0.848703444	-0.451781988	0.274946779	0	0.245159253	2.11605883	6.13349676	1
0.633703351	0.748405457	-0.354062349	0	0.150308043	-0.542458415	-0.877608538	0	-0.718360245	0.425602168	-0.386102408	0	0.883432925	2.42011213	5.93003464	1
0.650552869	0.635711432	-0.509634912	0	0.031033121	-0.671015978	-0.797401667	0	-0.718344092	0.425592422	-0.386093706	0	1.81169486	1.8701508	6.4289546	1
0.605901957	0.310939372	-0.784556568	0	-0.5136801	0.902180493	-0.0391516723	0	0.597138405	0.366309553	0.606339216	0	2.73993587	1.32020211	6.92786312	1
0.666005373	0.194337428	-0.773304522	0	-0.432922423	0.934262097	-0.138065428	0	0.597138584	0.366309643	0.606339633	0	1.82082629	0.756382048	5.99459171	1
0.18631579	-0.969162703	-0.161275655	0	-0.935814202	-0.225050926	0.271299869	0	-0.299228966	0.100376673	-0.94888705	0	0.901715875	0.192561507	5.06131935	1
-0.0363611542	0.766269803	0.641489923	0	-0.370542854	-0.606494963	0.703464806	0	0.928103209	-0.212120622	0.305988878	0	-0.528799474	2.01166487	6.11997557	1
0.127809137	-0.882547617	0.533278227	0	-0.716785431	-0.462338686	-0.593357265	0	0.66081655	-0.262886226	-0.593438804	0	-1.21744096	2.13673902	5.89333105	1
0.130139709	-0.881050408	0.535209954	0	-0.716374278	-0.465210319	-0.591627479	0	0.660801351	-0.262880027	-0.593425095	0	-2.07134533	2.47643948	6.66017008	1
0.132349625	-0.874393642	0.5347206	0	0.509469867	-0.411708742	-0.799339294	0	0.805764973	0.331583023	0.342779726	0	-2.92523003	2.81613183	7.42699146	1
-0.153631479	-0.529975235	0.873802006	0	0.503461003	-0.808203936	-0.401670396	0	0.805764973	0.331583112	0.342779845	0	-4.16545582	2.30576229	6.89938831	1
0.417170495	0.89912045	0.132479995	0	0.908668518	-0.409912258	-0.0793271065	0	-0.0170194358	0.153473407	-0.988006055	0	-5.40568209	1.79539251	6.37178469	1
