36	78	MATRIX4
1	0	0	0	0	1	0	0	0	0	1	0	0	0	0	1
1	1.77662844e-08	-2.37755785e-07	0	2.38418636e-07	-0.0745172948	0.997219741	0	0	-0.997219741	-0.0745172948	0	0	4.43834877	-0.0566211082	1
1	0	-2.38418266e-07	0	2.38418693e-07	0.00187737506	0.999998271	0	0	-0.999998271	0.00187737506	0	0	5.20667267	0.000791933388	1
0.99999845	0.00163081102	1.51348922e-06	0	-5.36124644e-05	0.0319447443	0.999489427	0	0.00162993127	-0.999488711	0.0319448113	0	0	6.73925447	-0.00208530249	1
0.999994397	0.003265101	0.000109411274	0	-4.06843792e-05	-0.0210778732	0.999777555	0	0.00326668448	-0.999773085	-0.0210776459	0	-0.00146885857	7.63997173	-0.0308732707	1
0.999988496	0.00489750085	0.000164328143	0	-4.87349498e-05	-0.0235429388	0.999723196	0	0.00490000611	-0.999710143	-0.023542393	0	-0.00474742334	8.64338112	-0.00971896946	1
0.999978542	0.00652998639	0.000218714194	0	-0.000221844966	0.000527957687	0.999999881	0	0.00652987137	-0.999978662	0.000529395067	0	-0.0075090155	9.20680714	0.00354927778	1
0.999966145	0.00816244166	0.000272922596	0	-0.000277963991	0.000659775338	0.999999464	0	0.00816226192	-0.999966264	0.000662022212	0	-0.011030769	9.74612522	0.00326375943	1
0.999951839	0.0097948797	0.000326856913	0	-0.000334421085	0.00079148775	0.999999642	0	0.00979461428	-0.999951184	0.000794724969	0	-0.0153861046	10.2797012	0.00291050831	1
0.999934554	0.0114272572	0.000380568905	0	-0.000390882604	0.000923058018	0.999999523	0	0.0114268959	-0.999933779	0.000927463872	0	-0.0210947134	10.862504	0.00244731759	1
-0.154291943	0.0399447344	0.987217486	0	-0.752953529	0.642200768	-0.143663585	0	-0.639730453	-0.765495002	-0.0690098405	0	0	4.43834877	-0.0566211045	1
-0.154292062	-0.0399448611	-0.987217486	0	0.75295341	0.642200828	-0.143663749	0	0.639730453	-0.765494943	-0.0690098256	0	2.27271197e-08	4.43834877	-0.0566211082	1
-0.469665885	-0.052289255	-0.88129437	0	-0.87767601	-0.0801551789	0.472504079	0	-0.0953472033	0.995409966	-0.00824686605	0	0.5475142	4.47586966	-0.0333855376	1
-0.469669878	-0.0522896051	-0.881292284	0	-0.87767607	-0.0801552087	0.472504079	0	-0.0953471661	0.995409548	-0.0082468465	0	0.640668333	3.50335526	-0.0253283586	1
-0.469673991	-0.0522900186	-0.881290138	0	-0.882820189	0.0344872363	0.468443453	0	0.00589834247	0.998036265	-0.062360432	0	0.733822405	2.53084135	-0.0172712002	1
-0.469661206	-0.0522905104	-0.881296873	0	-0.882827103	0.034486495	0.468430609	0	0.00589836482	0.998036146	-0.062360432	0	0.7272048	1.41109717	0.0526939258	1
0.997288167	2.81589109e-05	-0.0735966265	0	-0.0271710511	-0.929213703	-0.368542731	0	-0.0683973655	0.369542927	-0.926692963	0	0.720587134	0.291352749	0.122659072	1
-1	5.77189257e-06	0	0	5.77189257e-06	1	0	0	0	0	-1	0	0.762688041	0.0638864636	0.693070233	1
-0.469664842	0.052289173	0.881294966	0	0.877675951	-0.0801558644	0.47250402	0	0.0953478068	0.995409906	-0.0082465522	0	-0.5475142	4.47586966	-0.0333854966	1
-0.469669431	0.0522896051	0.881292343	0	0.877675891	-0.0801558569	0.472503632	0	0.095347777	0.995409608	-0.00824657362	0	-0.640668929	3.50335526	-0.025328625	1
-0.4696742	0.0522899851	0.881290019	0	0.882820189	0.0344877429	0.468443394	0	-0.00589880534	0.998036325	-0.0623606555	0	-0.733823597	2.53084111	-0.017271731	1
-0.469660789	0.0522905551	0.881296933	0	0.882827103	0.0344869569	0.46843031	0	-0.00589876715	0.998036027	-0.0623606853	0	-0.727205455	1.41109645	0.0526936688	1
0.997288108	-2.84469206e-05	0.0735964924	0	0.0271708462	-0.929213166	-0.368544072	0	0.0683972985	0.369544238	-0.926692486	0	-0.720587373	0.291352272	0.122659087	1
-0.99999994	0.000354327989	0	0	0.000354327989	0.99999994	0	0	0	0	-1	0	-0.76268822	0.063885361	0.693069518	1
0.0774138793	-0.0102721648	0.996946156	0	0.433107287	0.901013434	-0.0243475121	0	-0.898011744	0.433669567	0.074200049	0	0.385857135	8.62384796	0.022877356	1
-0.907981038	-0.503455579	0.0605465509	0	0.34398365	-0.520293415	0.832185745	0	-0.33123073	0.663746119	0.551896811	0	1.05641329	8.32275486	-0.00770994695	1
-0.964728832	-0.359888911	-0.146173805	0	0.109885924	-0.628223538	0.821491599	0	-0.331223071	0.663731039	0.551884234	0	1.48442817	7.465065	-0.720868587	1
-0.944567442	-0.140892476	-0.397454113	0	-0.401758462	0.59686476	0.743216455	0	0.115735658	0.752601266	-0.541838646	0	1.91243315	6.6073947	-1.43401098	1
-1.01152384	-0.000275820435	-0.216442764	0	-0.174462199	0.613268554	0.814550757	0	0.115735777	0.752601266	-0.541838825	0	1.73429394	5.44899845	-0.600018263	1
-0.886222839	0.449992597	-0.110070094	0	-0.110958189	0.0244969428	0.993523061	0	0.449774295	0.892696023	0.0282205604	0	1.55615449	4.29060125	0.233975232	1
0.0775640979	0.0107782092	-0.99692899	0	-0.438976437	0.89816612	-0.0244431291	0	0.895144284	0.439524144	0.0743966326	0	-0.39522323	8.62129784	0.0227916818	1
-0.908055842	0.504076779	-0.0397459678	0	-0.319856018	-0.509361148	0.847633302	0	0.348806024	0.670495272	0.534537673	0	-1.06379199	8.31583214	-0.0079425592	1
-0.957182169	0.374049872	0.155409291	0	-0.10342478	-0.611261129	0.8342219	0	0.348798037	0.670480192	0.534525514	0	-1.51451766	7.44942093	-0.69866997	1
-0.941395462	0.181532398	0.386592805	0	0.421552539	0.545167029	0.770532012	0	-0.0620688014	0.777900457	-0.516422987	0	-1.96523297	6.58302927	-1.38938141	1
-0.996405363	0.092629157	0.259287149	0	0.266661793	0.567080915	0.822157741	0	-0.0620687306	0.777900696	-0.516423166	0	-1.86969721	5.38569212	-0.594507992	1
-0.937535048	-0.326129496	0.121108875	0	0.248567745	-0.384408176	0.889069378	0	-0.243396461	0.863637507	0.441461504	0	-1.77416158	4.18835449	0.200365841	1
1	0	0	0	0	1	0	0	0	0	1	0	0	0	0	1
1	1.77662844e-08	-2.37755785e-07	0	2.38418636e-07	-0.0745172948	0.997219741	0	0	-0.997219741	-0.0745172948	0	0	4.43834877	-0.0566211082	1
1	0	-2.38418266e-07	0	2.38418693e-07	0.00187737506	0.999998271	0	0	-0.999998271	0.00187737506	0	0	5.20667267	0.000791933388	1
0.999978244	0.00639472064	4.70515761e-06	0	-0.000211444145	0.0323306881	0.999473333	0	0.00639123423	-0.999456942	0.0323315002	0	0	6.73925447	-0.00208530249	1
0.999917388	0.0128028691	0.000425378792	0	-0.000165327918	-0.0203063246	0.999793351	0	0.0128088808	-0.999712348	-0.020302562	0	-0.00575964106	7.63994312	-0.0312217474	1
0.999815404	0.0192038361	0.000633587944	0	-0.000203554839	-0.0223861653	0.999749482	0	0.0192132015	-0.999564528	-0.0223781131	0	-0.0186151061	8.64329147	-0.0108453482	1
0.999670744	0.025604086	0.000838046137	0	-0.00089113781	0.00206245016	0.999996543	0	0.0256023929	-0.99967289	0.00208459795	0	-0.0294434652	9.20663548	0.00176672265	1
0.999486864	0.0320034325	0.00103911385	0	-0.00112210936	0.0025744366	0.999996066	0	0.0320006721	-0.999485373	0.00260903011	0	-0.0432515964	9.74578857	0.000642437139	1
0.999259889	0.0384014882	0.0012368022	0	-0.00135635515	0.0030849874	0.999993205	0	0.03839764	-0.999260604	0.0031348085	0	-0.0603269711	10.279108	-0.000749726198	1
0.998994708	0.0447981805	0.00143113232	0	-0.00159378571	0.00359395356	0.99999249	0	0.0447927639	-0.998990893	0.0036617443	0	-0.0827063248	10.8615084	-0.00257679122	1
-0.154291943	0.0399447344	0.987217486	0	-0.752953529	0.642200768	-0.143663585	0	-0.639730453	-0.765495002	-0.0690098405	0	0	4.43834877	-0.0566211045	1
-0.154292062	-0.0399448611	-0.987217486	0	0.75295341	0.642200828	-0.143663749	0	0.639730453	-0.765494943	-0.0690098256	0	2.27271197e-08	4.43834877	-0.0566211082	1
-0.469665885	-0.052289255	-0.88129437	0	-0.87767601	-0.0801551789	0.472504079	0	-0.0953472033	0.995409966	-0.00824686605	0	0.5475142	4.47586966	-0.0333855376	1
-0.469669878	-0.0522896051	-0.881292284	0	-0.87767607	-0.0801552087	0.472504079	0	-0.0953471661	0.995409548	-0.0082468465	0	0.640668333	3.50335526	-0.0253283586	1
-0.469673991	-0.0522900186	-0.881290138	0	-0.882820189	0.0344872363	0.468443453	0	0.00589834247	0.998036265	-0.062360432	0	0.733822405	2.53084135	-0.0172712002	1
-0.469661206	-0.0522905104	-0.881296873	0	-0.882827103	0.034486495	0.468430609	0	0.00589836482	0.998036146	-0.062360432	0	0.7272048	1.41109717	0.0526939258	1
0.997288167	2.81589109e-05	-0.0735966265	0	-0.0271710511	-0.929213703	-0.368542731	0	-0.0683973655	0.369542927	-0.926692963	0	0.720587134	0.291352749	0.122659072	1
-1	5.77189257e-06	0	0	5.77189257e-06	1	0	0	0	0	-1	0	0.762688041	0.0638864636	0.693070233	1
-0.469664842	0.052289173	0.881294966	0	0.877675951	-0.0801558644	0.47250402	0	0.0953478068	0.995409906	-0.0082465522	0	-0.5475142	4.47586966	-0.0333854966	1
-0.469669431	0.0522896051	0.881292343	0	0.877675891	-0.0801558569	0.472503632	0	0.095347777	0.995409608	-0.00824657362	0	-0.640668929	3.50335526	-0.025328625	1
-0.4696742	0.0522899851	0.881290019	0	0.882820189	0.0344877429	0.468443394	0	-0.00589880534	0.998036325	-0.0623606555	0	-0.733823597	2.53084111	-0.017271731	1
-0.469660789	0.0522905551	0.881296933	0	0.882827103	0.0344869569	0.46843031	0	-0.00589876715	0.998036027	-0.0623606853	0	-0.727205455	1.41109645	0.0526936688	1
0.997288108	-2.84469206e-05	0.0735964924	0	0.0271708462	-0.929213166	-0.368544072	0	0.0683972985	0.369544238	-0.926692486	0	-0.720587373	0.291352272	0.122659087	1
-0.99999994	0.000354327989	0	0	0.000354327989	0.99999994	0	0	0	0	-1	0	-0.76268822	0.063885361	0.693069518	1
0.0771835595	-0.00876506791	0.996978343	0	0.424501836	0.905084312	-0.0249071289	0	-0.902131081	0.425141543	0.0735782385	0	0.372147232	8.62751007	0.0218904894	1
-0.922517359	-0.475090921	0.0606367514	0	0.318004668	-0.50919193	0.848541796	0	-0.318900019	0.687109411	0.531832695	0	1.0455544	8.33280087	-0.00825008005	1
-0.972157896	-0.33707875	-0.147435993	0	0.0842349902	-0.609406769	0.83784169	0	-0.318892837	0.687093794	0.531820655	0	1.45763564	7.44492102	-0.695481956	1
-0.946124554	-0.133560523	-0.394765496	0	-0.39879173	0.574512541	0.761400282	0	0.109510668	0.768391788	-0.522430539	0	1.86970758	6.55706167	-1.3826983	1
-1.01096046	-0.00297056371	-0.21628426	0	-0.17928876	0.589825451	0.82993412	0	0.109510683	0.768391788	-0.522430658	0	1.70114982	5.37436056	-0.578578353	1
-0.891693473	0.439954758	-0.106406599	0	-0.115553863	0.00603070809	0.993282914	0	0.437641144	0.897999644	0.0454609096	0	1.53259194	4.19165897	0.225542307	1
0.0777824968	0.0107492879	-0.996912181	0	-0.447514772	0.893919051	-0.0252783019	0	0.890887022	0.448099166	0.0743414164	0	-0.408872992	8.61750984	0.0215580147	1
-0.832581699	0.624605954	-0.0213334914	0	-0.412555218	-0.522590697	0.800298035	0	0.416083038	0.574771821	0.589814901	0	-1.07448781	8.30565834	-0.00915251859	1
-0.905350268	0.487072915	0.16402632	0	-0.20917511	-0.652693093	0.783608139	0	0.416073561	0.57475853	0.589801431	0	-1.61214852	7.5629406	-0.771308959	1
-0.920176506	0.253958613	0.401655018	0	0.470799714	0.60613966	0.69533354	0	-0.0581325106	0.720584512	-0.588790834	0	-2.14979696	6.82024002	-1.53344774	1
-0.984626353	0.151727632	0.282903969	0	0.314462215	0.639436543	0.751518607	0	-0.0581325255	0.720584333	-0.588791072	0	-2.0603199	5.71112299	-0.627186418	1
-0.967647791	-0.189307183	0.166793674	0	0.222344607	-0.327374965	0.918361783	0	-0.119248345	0.925736547	0.358875185	0	-1.97084284	4.60200596	0.279075444	1
1	0	0	0	0	1	0	0	0	0	1	0	0	0	0	1
1	1.77662844e-08	-2.37755785e-07	0	2.38418636e-07	-0.0745172948	0.997219741	0	0	-0.997219741	-0.0745172948	0	0	4.43834877	-0.0566211082	1
1	0	-2.38418266e-07	0	2.38418693e-07	0.00187737506	0.999998271	0	0	-0.999998271	0.00187737506	0	0	5.20667267	0.000791933388	1
0.99989289	0.0141865211	5.91061553e-06	0	-0.000473484397	0.0329615846	0.999437571	0	0.0141787147	-0.999356329	0.0329656266	0	0	6.73925447	-0.00208530249	1
0.999596655	0.0284015108	0.000925712229	0	-0.000384695391	-0.0190475788	0.999818861	0	0.028413998	-0.999415934	-0.019028971	0	-0.0127775492	7.63985252	-0.0317932069	1
0.999092281	0.0425959267	0.00136426231	0	-0.000491144776	-0.0204992741	0.99979037	0	0.0426149182	-0.998882532	-0.0204597246	0	-0.0412948839	8.64290333	-0.0126950312	1
0.998385966	0.0567822643	0.00178588904	0	-0.0020469639	0.00454413984	0.999988079	0	0.0567734018	-0.998376489	0.00465303054	0	-0.0653122067	9.205863	-0.00116414391	1
0.997478962	0.0709577873	0.00219089817	0	-0.00259876391	0.00566153927	0.999981284	0	0.0709439069	-0.997463763	0.00583165605	0	-0.0959317833	9.74431705	-0.00367366127	1
0.996367633	0.0851190612	0.00257903221	0	-0.00316642411	0.00677067554	0.999971151	0	0.0850994885	-0.996351242	0.00701563433	0	-0.133787036	10.2765579	-0.00678539928	1
0.995058358	0.0992639959	0.00295017078	0	-0.00374977035	0.00787190534	0.999962211	0	0.0992369428	-0.995031118	0.00820521545	0	-0.1833857	10.8572626	-0.010874331	1
-0.154291943	0.0399447344	0.987217486	0	-0.752953529	0.642200768	-0.143663585	0	-0.639730453	-0.765495002	-0.0690098405	0	0	4.43834877	-0.0566211045	1
-0.154292062	-0.0399448611	-0.987217486	0	0.75295341	0.642200828	-0.143663749	0	0.639730453	-0.765494943	-0.0690098256	0	2.27271197e-08	4.43834877	-0.0566211082	1
-0.469665885	-0.052289255	-0.88129437	0	-0.87767601	-0.0801551789	0.472504079	0	-0.0953472033	0.995409966	-0.00824686605	0	0.5475142	4.47586966	-0.0333855376	1
-0.469669878	-0.0522896051	-0.881292284	0	-0.87767607	-0.0801552087	0.472504079	0	-0.0953471661	0.995409548	-0.0082468465	0	0.640668333	3.50335526	-0.0253283586	1
-0.469673991	-0.0522900186	-0.881290138	0	-0.882820189	0.0344872363	0.468443453	0	0.00589834247	0.998036265	-0.062360432	0	0.733822405	2.53084135	-0.0172712002	1
-0.469661206	-0.0522905104	-0.881296873	0	-0.882827103	0.034486495	0.468430609	0	0.00589836482	0.998036146	-0.062360432	0	0.7272048	1.41109717	0.0526939258	1
0.997288167	2.81589109e-05	-0.0735966265	0	-0.0271710511	-0.929213703	-0.368542731	0	-0.0683973655	0.369542927	-0.926692963	0	0.720587134	0.291352749	0.122659072	1
-1	5.77189257e-06	0	0	5.77189257e-06	1	0	0	0	0	-1	0	0.762688041	0.0638864636	0.693070233	1
-0.469664842	0.052289173	0.881294966	0	0.877675951	-0.0801558644	0.47250402	0	0.0953478068	0.995409906	-0.0082465522	0	-0.5475142	4.47586966	-0.0333854966	1
-0.469669431	0.0522896051	0.881292343	0	0.877675891	-0.0801558569	0.472503632	0	0.095347777	0.995409608	-0.00824657362	0	-0.640668929	3.50335526	-0.025328625	1
-0.4696742	0.0522899851	0.881290019	0	0.882820189	0.0344877429	0.468443394	0	-0.00589880534	0.998036325	-0.0623606555	0	-0.733823597	2.53084111	-0.017271731	1
-0.469660789	0.0522905551	0.881296933	0	0.882827103	0.0344869569	0.46843031	0	-0.00589876715	0.998036027	-0.0623606853	0	-0.727205455	1.41109645	0.0526936688	1
0.997288108	-2.84469206e-05	0.0735964924	0	0.0271708462	-0.929213166	-0.368544072	0	0.0683972985	0.369544238	-0.926692486	0	-0.720587373	0.291352272	0.122659087	1
-0.99999994	0.000354327989	0	0	0.000354327989	0.99999994	0	0	0	0	-1	0	-0.76268822	0.063885361	0.693069518	1
0.0767762884	-0.006304109	0.997028947	0	0.410344273	0.911565483	-0.0258349683	0	-0.908693731	0.411108494	0.0725733265	0	0.349648863	8.63326168	0.0202625506	1
-0.942129433	-0.432242453	0.0581045672	0	0.278376251	-0.489514709	0.872180879	0	-0.300037384	0.721261203	0.500574231	0	1.02758813	8.3490572	-0.00915664248	1
-0.981275439	-0.303904384	-0.150277063	0	0.0471412092	-0.578022659	0.861110091	0	-0.300030529	0.721244872	0.500562787	0	1.41529512	7.41704655	-0.655996501	1
-0.947998703	-0.123537436	-0.390217751	0	-0.394493937	0.53820473	0.78799957	0	0.0991066024	0.792504609	-0.491666198	0	1.8029933	6.48505688	-1.30282152	1
-1.00965929	-0.00789180305	-0.21624054	0	-0.186859205	0.552144885	0.8523224	0	0.0991066024	0.792504311	-0.491666317	0	1.6504494	5.26524162	-0.546053708	1
-0.899991691	0.423909098	-0.101568073	0	-0.122063056	-0.021397382	0.992291689	0	0.418468088	0.905452013	0.0710010603	0	1.49790537	4.04542589	0.210714698	1
0.0781400278	0.010705784	-0.99688524	0	-0.461392432	0.886796892	-0.0266424771	0	0.883748949	0.462036967	0.074233681	0	-0.431120723	8.61107731	0.0195392743	1
-0.700839102	0.770496666	0.0355205312	0	-0.521695673	-0.50887543	0.744971037	0	0.501919389	0.426895708	0.643093348	0	-1.09177363	8.28884029	-0.0111199114	1
-0.795627773	0.644906223	0.192869872	0	-0.36101988	-0.660858691	0.720456243	0	0.501907885	0.426885903	0.643078625	0	-1.7403518	7.73720741	-0.842122495	1
-0.866431475	0.38471061	0.420853347	0	0.568292081	0.645093977	0.580277145	0	-0.0416894071	0.641040742	-0.671816468	0	-2.38891506	7.18558741	-1.67310584	1
-0.944897473	0.278678566	0.324547529	0	0.425239682	0.697486281	0.639146626	0	-0.0416892692	0.641040921	-0.671816647	0	-2.32474709	6.19890356	-0.639052153	1
-0.972294033	0.0906893238	0.215452284	0	0.193958461	-0.201467454	0.960099459	0	0.130477458	0.975287855	0.178295642	0	-2.26057935	5.21221924	0.395001888	1
1	0	0	0	0	1	0	0	0	0	1	0	0	0	0	1
1	1.77662844e-08	-2.37755785e-07	0	2.38418636e-07	-0.0745172948	0.997219741	0	0	-0.997219741	-0.0745172948	0	0	4.43834877	-0.0566211082	1
1	0	-2.38418266e-07	0	2.38418693e-07	0.00187737506	0.999998271	0	0	-0.999998271	0.00187737506	0	0	5.20667267	0.000791933388	1
0.999667823	0.0249845777	-7.80902838e-07	0	-0.000844402879	0.0338352583	0.999367952	0	0.0249708015	-0.999115586	0.0338478126	0	0	6.73925447	-0.00208530249	1
0.998747468	0.0500116237	0.00158636109	0	-0.000721381744	-0.0173081364	0.999849856	0	0.0500315949	-0.998599112	-0.0172503889	0	-0.0225031432	7.63963556	-0.0325882137	1
0.997182548	0.0749806091	0.00230257469	0	-0.000963060069	-0.0178958531	0.999839425	0	0.0750097632	-0.997024536	-0.0177732185	0	-0.0727166981	8.64186668	-0.0152750872	1
0.994992077	0.0999037921	0.00296639977	0	-0.0037765922	0.00792156067	0.999960899	0	0.0998767093	-0.994967461	0.0082592126	0	-0.114991419	9.20377922	-0.00525828637	1
0.992180467	0.124766245	0.00357774831	0	-0.00484304084	0.00983973499	0.999940217	0	0.124723509	-0.992137849	0.0103670349	0	-0.168857887	9.74039459	-0.00971272402	1
0.98874557	0.149551377	0.00413609482	0	-0.00595709356	0.0117305741	0.999913573	0	0.149490044	-0.988685429	0.012489452	0	-0.235409617	10.2697935	-0.0152445138	1
0.984692156	0.174244031	0.00464116642	0	-0.00711806957	0.0135928765	0.999882877	0	0.174160451	-0.984609425	0.0146250734	0	-0.322537124	10.8460302	-0.0225237589	1
-0.154291943	0.0399447344	0.987217486	0	-0.752953529	0.642200768	-0.143663585	0	-0.639730453	-0.765495002	-0.0690098405	0	0	4.43834877	-0.0566211045	1
-0.154292062	-0.0399448611	-0.987217486	0	0.75295341	0.642200828	-0.143663749	0	0.639730453	-0.765494943	-0.0690098256	0	2.27271197e-08	4.43834877	-0.0566211082	1
-0.469665885	-0.052289255	-0.88129437	0	-0.87767601	-0.0801551789	0.472504079	0	-0.0953472033	0.995409966	-0.00824686605	0	0.5475142	4.47586966	-0.0333855376	1
-0.469669878	-0.0522896051	-0.881292284	0	-0.87767607	-0.0801552087	0.472504079	0	-0.0953471661	0.995409548	-0.0082468465	0	0.640668333	3.50335526	-0.0253283586	1
-0.469673991	-0.0522900186	-0.881290138	0	-0.882820189	0.0344872363	0.468443453	0	0.00589834247	0.998036265	-0.062360432	0	0.733822405	2.53084135	-0.0172712002	1
-0.469661206	-0.0522905104	-0.881296873	0	-0.882827103	0.034486495	0.468430609	0	0.00589836482	0.998036146	-0.062360432	0	0.7272048	1.41109717	0.0526939258	1
0.997288167	2.81589109e-05	-0.0735966265	0	-0.0271710511	-0.929213703	-0.368542731	0	-0.0683973655	0.369542927	-0.926692963	0	0.720587134	0.291352749	0.122659072	1
-1	5.77189257e-06	0	0	5.77189257e-06	1	0	0	0	0	-1	0	0.762688041	0.0638864636	0.693070233	1
-0.469664842	0.052289173	0.881294966	0	0.877675951	-0.0801558644	0.47250402	0	0.0953478068	0.995409906	-0.0082465522	0	-0.5475142	4.47586966	-0.0333854966	1
-0.469669431	0.0522896051	0.881292343	0	0.877675891	-0.0801558569	0.472503632	0	0.095347777	0.995409608	-0.00824657362	0	-0.640668929	3.50335526	-0.025328625	1
-0.4696742	0.0522899851	0.881290019	0	0.882820189	0.0344877429	0.468443394	0	-0.00589880534	0.998036325	-0.0623606555	0	-0.733823597	2.53084111	-0.017271731	1
-0.469660789	0.0522905551	0.881296933	0	0.882827103	0.0344869569	0.46843031	0	-0.00589876715	0.998036027	-0.0623606853	0	-0.727205455	1.41109645	0.0526936688	1
0.997288108	-2.84469206e-05	0.0735964924	0	0.0271708462	-0.929213166	-0.368544072	0	0.0683972985	0.369544238	-0.926692486	0	-0.720587373	0.291352272	0.122659087	1
-0.99999994	0.000354327989	0	0	0.000354327989	0.99999994	0	0	0	0	-1	0	-0.76268822	0.063885361	0.693069518	1
0.0761480555	-0.00290422956	0.997092247	0	0.390556902	0.920179009	-0.0271469634	0	-0.917424142	0.391488612	0.0712038651	0	0.318319112	8.64073849	0.0179773029	1
-0.963339508	-0.378316194	0.0496655777	0	0.226927638	-0.459632516	0.900474906	0	-0.275745213	0.762362659	0.458625644	0	1.00226641	8.3712101	-0.0104598971	1
-0.989714742	-0.264237136	-0.155823126	0	0.00256798463	-0.53345257	0.888289988	0	-0.275738955	0.762345672	0.458615333	0	1.35858321	7.38608837	-0.603093982	1
-0.949868977	-0.112640776	-0.383862704	0	-0.389284521	0.488124073	0.820050001	0	0.0841869861	0.82268995	-0.449731201	0	1.71489191	6.40098858	-1.19571471	1
-1.00753212	-0.015325523	-0.216639012	0	-0.196650118	0.500717223	0.879146874	0	0.084187068	0.822690248	-0.449731231	0	1.58531213	5.13471222	-0.503492892	1
-0.910340428	0.402410626	-0.0966704637	0	-0.129455745	-0.0550175607	0.990057707	0	0.393091023	0.913804173	0.102178991	0	1.45573211	3.86843467	0.188729405	1
0.0786366388	0.0106550213	-0.996846139	0	-0.480439156	0.876564384	-0.0285306145	0	0.873495579	0.481167674	0.0740488768	0	-0.461787075	8.60167503	0.0167380031	1
-0.516768456	0.89633894	0.128315821	0	-0.624832392	-0.459931761	0.696408987	0	0.578309596	0.236751407	0.675229728	0	-1.11529386	8.26517487	-0.0138239935	1
-0.612307191	0.808720291	0.240862921	0	-0.531564176	-0.600795925	0.665918112	0	0.578296423	0.236745566	0.675214291	0	-1.86258316	7.95924568	-0.886353076	1
-0.742580652	0.583396554	0.431441724	0	0.725598097	0.596265137	0.442599773	0	0.000824060582	0.552296817	-0.7453987	0	-2.60985518	7.65332413	-1.75886202	1
-0.832353413	0.499055564	0.368850529	0	0.620569289	0.668451488	0.495969146	0	0.000824060699	0.552296638	-0.745398939	0	-2.61112356	6.8032341	-0.611551285	1
-0.818093181	0.549877763	0.168396831	0	0.222167104	0.0321055055	0.974479854	0	0.530438423	0.834627688	-0.148430139	0	-2.61239195	5.95314407	0.535759926	1
1	0	0	0	0	1	0	0	0	0	1	0	0	0	0	1
1	1.77662844e-08	-2.37755785e-07	0	2.38418636e-07	-0.0745172948	0.997219741	0	0	-0.997219741	-0.0745172948	0	0	4.43834877	-0.0566211082	1
1	0	-2.38418266e-07	0	2.38418693e-07	0.00187737506	0.999998271	0	0	-0.999998271	0.00187737506	0	0	5.20667267	0.000791933388	1
0.999246538	0.0388096683	-2.27371293e-05	0	-0.00133497966	0.0349575132	0.99938792	0	0.0387867205	-0.998635173	0.0349829905	0	0	6.73925447	-0.00208530249	1
0.996977687	0.0776533931	0.00237595453	0	-0.00120737019	-0.0150918392	0.99988544	0	0.0776803941	-0.996866882	-0.014952478	0	-0.0349537469	7.63920259	-0.0336112119	1
0.993203878	0.116338417	0.0033762455	0	-0.00169041345	-0.0145862801	0.999892414	0	0.116375282	-0.993103862	-0.014290506	0	-0.112916648	8.63969517	-0.0186043531	1
0.987927914	0.154850245	0.0042488398	0	-0.00620199228	0.0121319871	0.99990654	0	0.154784873	-0.987866104	0.0129459649	0	-0.178504542	9.19939804	-0.0105503732	1
0.981160283	0.193131521	0.00499265501	0	-0.00804095808	0.0150026502	0.99985534	0	0.193028718	-0.981058657	0.0162729695	0	-0.261984617	9.73218346	-0.0175325163	1
0.972907841	0.231121823	0.00560658053	0	-0.00998992659	0.0177994929	0.999790907	0	0.230974644	-0.972764373	0.0196262319	0	-0.364983618	10.2556705	-0.0262156781	1
0.963186979	0.268766135	0.00608963007	0	-0.0120460531	0.0205185022	0.999717355	0	0.268564999	-0.962987304	0.023000706	0	-0.499602914	10.822628	-0.0376544632	1
-0.154291943	0.0399447344	0.987217486	0	-0.752953529	0.642200768	-0.143663585	0	-0.639730453	-0.765495002	-0.0690098405	0	0	4.43834877	-0.0566211045	1
-0.154292062	-0.0399448611	-0.987217486	0	0.75295341	0.642200828	-0.143663749	0	0.639730453	-0.765494943	-0.0690098256	0	2.27271197e-08	4.43834877	-0.0566211082	1
-0.469665885	-0.052289255	-0.88129437	0	-0.87767601	-0.0801551789	0.472504079	0	-0.0953472033	0.995409966	-0.00824686605	0	0.5475142	4.47586966	-0.0333855376	1
-0.469669878	-0.0522896051	-0.881292284	0	-0.87767607	-0.0801552087	0.472504079	0	-0.0953471661	0.995409548	-0.0082468465	0	0.640668333	3.50335526	-0.0253283586	1
-0.469673991	-0.0522900186	-0.881290138	0	-0.882820189	0.0344872363	0.468443453	0	0.00589834247	0.998036265	-0.062360432	0	0.733822405	2.53084135	-0.0172712002	1
-0.469661206	-0.0522905104	-0.881296873	0	-0.882827103	0.034486495	0.468430609	0	0.00589836482	0.998036146	-0.062360432	0	0.7272048	1.41109717	0.0526939258	1
0.997288167	2.81589109e-05	-0.0735966265	0	-0.0271710511	-0.929213703	-0.368542731	0	-0.0683973655	0.369542927	-0.926692963	0	0.720587134	0.291352749	0.122659072	1
-1	5.77189257e-06	0	0	5.77189257e-06	1	0	0	0	0	-1	0	0.762688041	0.0638864636	0.693070233	1
-0.469664842	0.052289173	0.881294966	0	0.877675951	-0.0801558644	0.47250402	0	0.0953478068	0.995409906	-0.0082465522	0	-0.5475142	4.47586966	-0.0333854966	1
-0.469669431	0.0522896051	0.881292343	0	0.877675891	-0.0801558569	0.472503632	0	0.095347777	0.995409608	-0.00824657362	0	-0.640668929	3.50335526	-0.025328625	1
-0.4696742	0.0522899851	0.881290019	0	0.882820189	0.0344877429	0.468443394	0	-0.00589880534	0.998036325	-0.0623606555	0	-0.733823597	2.53084111	-0.017271731	1
-0.469660789	0.0522905551	0.881296933	0	0.882827103	0.0344869569	0.46843031	0	-0.00589876715	0.998036027	-0.0623606853	0	-0.727205455	1.41109645	0.0526936688	1
0.997288108	-2.84469206e-05	0.0735964924	0	0.0271708462	-0.929213166	-0.368544072	0	0.0683972985	0.369544238	-0.926692486	0	-0.720587373	0.291352272	0.122659087	1
-0.99999994	0.000354327989	0	0	0.000354327989	0.99999994	0	0	0	0	-1	0	-0.76268822	0.063885361	0.693069518	1
0.0752363801	0.00142895314	0.997164965	0	0.364953369	0.930578768	-0.0288696568	0	-0.927981138	0.366090804	0.0694916621	0	0.277968258	8.64947033	0.0150039364	1
-0.981981516	-0.318074226	0.0324929953	0	0.166340366	-0.418605804	0.929308712	0	-0.247911125	0.807038605	0.407903939	0	0.969143927	8.39892292	-0.0122072222	1
-0.994966388	-0.222411305	-0.164667919	0	-0.0449760966	-0.476383805	0.915191293	0	-0.247905463	0.807020366	0.407894641	0	1.28949356	7.356071	-0.539298892	1
-0.951050282	-0.102349624	-0.375520825	0	-0.382781297	0.42552653	0.853459775	0	0.0649646744	0.856799006	-0.398054451	0	1.60983586	6.31324291	-1.06637859	1
-1.00399864	-0.0249695424	-0.217604205	0	-0.207377315	0.436949402	0.906674027	0	0.0649646893	0.856799364	-0.39805454	0	1.50984287	4.9944663	-0.453697085	1
-0.921914339	0.376120389	-0.0927742124	0	-0.136779398	-0.0919748992	0.986322522	0	0.36244297	0.921994567	0.136238456	0	1.40984976	3.67568827	0.158984959	1
0.0792740434	0.0106057217	-0.996796489	0	-0.504499435	0.862858117	-0.0309419055	0	0.859765291	0.505336106	0.0737525448	0	-0.500755668	8.58881664	0.0131478962	1
-0.308385432	0.967954993	0.234604791	0	-0.71195507	-0.385983884	0.65666914	0	0.614501536	0.0300228465	0.683884442	0	-1.14466488	8.23428059	-0.0172453076	1
-0.371642798	0.929001749	0.293154508	0	-0.68108511	-0.472123206	0.632712722	0	0.614487588	0.0300221704	0.683868825	0	-1.93872118	8.19548512	-0.900958002	1
-0.494893372	0.816704154	0.408831388	0	0.90830183	0.391447634	0.317528903	0	0.0852732211	0.453873932	-0.803459704	0	-2.73275924	8.1566906	-1.78465033	1
-0.586329341	0.771756053	0.373736203	0	0.852144361	0.473950326	0.358174652	0	0.0852732509	0.453874409	-0.803460062	0	-2.86401105	7.45809221	-0.547972679	1
-0.325993329	0.932363153	-0.156291068	0	0.41895172	0.290681362	0.860223055	0	0.847471178	0.214948684	-0.485375494	0	-2.99526286	6.75949287	0.688705683	1
1	0	0	0	0	1	0	0	0	0	1	0	0	0	0	1
1	1.77662844e-08	-2.37755785e-07	0	2.38418636e-07	-0.0745172948	0.997219741	0	0	-0.997219741	-0.0745172948	0	0	4.43834877	-0.0566211082	1
1	0	-2.38418266e-07	0	2.38418693e-07	0.00187737506	0.999998271	0	0	-0.999998271	0.00187737506	0	0	5.20667267	0.000791933388	1
0.998448789	0.0556703731	-7.124064e-05	0	-0.00195400091	0.0363237336	0.999337792	0	0.0556361824	-0.997789025	0.0363762304	0	0	6.73925447	-0.00208530249	1
0.993780613	0.111307435	0.003252825	0	-0.00188334403	-0.0124066966	0.999921381	0	0.11133907	-0.993708849	-0.012119907	0	-0.0501381159	7.63844013	-0.0348667689	1
0.986024618	0.166537955	0.00448891101	0	-0.00276332791	-0.0105926096	0.999940157	0	0.166575566	-0.985978305	-0.00998437684	0	-0.161882102	8.63576317	-0.0227027833	1
0.975200534	0.221255273	0.00545900548	0	-0.00947160367	0.0170782227	0.999809504	0	0.221119761	-0.975065827	0.0187503211	0	-0.255762339	9.19145012	-0.0170756932	1
0.961342096	0.275288016	0.00616024015	0	-0.0124150962	0.0209841244	0.99970293	0	0.275076866	-0.961132526	0.0235906374	0	-0.375018775	9.71733189	-0.0271882974	1
0.944491923	0.328466296	0.00659038965	0	-0.0155714341	0.0247193798	0.999572277	0	0.328163832	-0.944193304	0.02846203	0	-0.521798193	10.2301865	-0.0397761241	1
0.924704731	0.380625397	0.00674810959	0	-0.0189308375	0.0282723363	0.999420881	0	0.380214185	-0.924296916	0.0333491154	0	-0.713062406	10.7804918	-0.0563646927	1
-0.154291943	0.0399447344	0.987217486	0	-0.752953529	0.642200768	-0.143663585	0	-0.639730453	-0.765495002	-0.0690098405	0	0	4.43834877	-0.0566211045	1
-0.154292062	-0.0399448611	-0.987217486	0	0.75295341	0.642200828	-0.143663749	0	0.639730453	-0.765494943	-0.0690098256	0	2.27271197e-08	4.43834877	-0.0566211082	1
-0.469665885	-0.052289255	-0.88129437	0	-0.87767601	-0.0801551789	0.472504079	0	-0.0953472033	0.995409966	-0.00824686605	0	0.5475142	4.47586966	-0.0333855376	1
-0.469669878	-0.0522896051	-0.881292284	0	-0.87767607	-0.0801552087	0.472504079	0	-0.0953471661	0.995409548	-0.0082468465	0	0.640668333	3.50335526	-0.0253283586	1
-0.469673991	-0.0522900186	-0.881290138	0	-0.882820189	0.0344872363	0.468443453	0	0.00589834247	0.998036265	-0.062360432	0	0.733822405	2.53084135	-0.0172712002	1
-0.469661206	-0.0522905104	-0.881296873	0	-0.882827103	0.034486495	0.468430609	0	0.00589836482	0.998036146	-0.062360432	0	0.7272048	1.41109717	0.0526939258	1
0.997288167	2.81589109e-05	-0.0735966265	0	-0.0271710511	-0.929213703	-0.368542731	0	-0.0683973655	0.369542927	-0.926692963	0	0.720587134	0.291352749	0.122659072	1
-1	5.77189257e-06	0	0	5.77189257e-06	1	0	0	0	0	-1	0	0.762688041	0.0638864636	0.693070233	1
-0.469664842	0.052289173	0.881294966	0	0.877675951	-0.0801558644	0.47250402	0	0.0953478068	0.995409906	-0.0082465522	0	-0.5475142	4.47586966	-0.0333854966	1
-0.469669431	0.0522896051	0.881292343	0	0.877675891	-0.0801558569	0.472503632	0	0.095347777	0.995409608	-0.00824657362	0	-0.640668929	3.50335526	-0.025328625	1
-0.4696742	0.0522899851	0.881290019	0	0.882820189	0.0344877429	0.468443394	0	-0.00589880534	0.998036325	-0.0623606555	0	-0.733823597	2.53084111	-0.017271731	1
-0.469660789	0.0522905551	0.881296933	0	0.882827103	0.0344869569	0.46843031	0	-0.00589876715	0.998036027	-0.0623606853	0	-0.727205455	1.41109645	0.0526936688	1
0.997288108	-2.84469206e-05	0.0735964924	0	0.0271708462	-0.929213166	-0.368544072	0	0.0683972985	0.369544238	-0.926692486	0	-0.720587373	0.291352272	0.122659087	1
-0.99999994	0.000354327989	0	0	0.000354327989	0.99999994	0	0	0	0	-1	0	-0.76268822	0.063885361	0.693069518	1
0.0739616528	0.00668057241	0.997238994	0	0.333333492	0.942298293	-0.0310350023	0	-0.939903438	0.334708482	0.0674669519	0	0.228408992	8.6588335	0.0113061238	1
-0.997701764	-0.252606302	9.2384762e-06	0	0.0918663815	-0.362804323	0.958724201	0	-0.215854287	0.85255748	0.343311757	0	0.927688003	8.43171406	-0.0144580649	1
-0.997225821	-0.18002902	-0.179925233	0	-0.0970143676	-0.403770745	0.941700459	0	-0.215849474	0.852538228	0.343303949	0	1.20661402	7.33004284	-0.458084017	1
-0.952502966	-0.0939622596	-0.365539789	0	-0.375027359	0.347253948	0.887963593	0	0.0394776426	0.891989529	-0.332155198	0	1.48553371	6.22839689	-0.901699841	1
-1.00002885	-0.0375304259	-0.219642639	0	-0.218743697	0.357778758	0.934802175	0	0.0394775607	0.89198941	-0.332155168	0	1.42477012	4.8554554	-0.390449822	1
-0.933888853	0.345846593	-0.0907828659	0	-0.14327924	-0.129338458	0.981194496	0	0.327600896	0.929333925	0.170340359	0	1.36400664	3.48251319	0.120800495	1
0.0800532848	0.0105697736	-0.996734619	0	-0.533331096	0.845228314	-0.0338719562	0	0.842109978	0.534301102	0.0733002126	0	-0.547817707	8.57189369	0.00876517408	1
-0.125231951	0.981121421	0.329829007	0	-0.76774025	-0.310877651	0.63324517	0	0.612519622	-0.147175699	0.670360267	0	-1.17934251	8.19571877	-0.0213552043	1
-0.131022006	0.978759706	0.334599853	0	-0.766782224	-0.318273336	0.630746365	0	0.612505674	-0.147171587	0.670344949	0	-1.97083783	8.38589859	-0.887592018	1
-0.143013552	0.969862163	0.343604803	0	1.00418687	0.0559417829	0.260056049	0	0.200071976	0.32822144	-0.843167961	0	-2.7623148	8.57607269	-1.75380874	1
-0.246973231	0.958736837	0.314605862	0	0.983792365	0.15679647	0.29447642	0	0.200071871	0.32822153	-0.843168259	0	-3.07026362	8.07087708	-0.456012487	1
0.215334371	0.762387991	-0.610242128	0	0.700400591	0.314882159	0.640537202	0	0.680492222	-0.565343618	-0.466172218	0	-3.37821245	7.56568146	0.841784358	1
1	0	0	0	0	1	0	0	0	0	1	0	0	0	0	1
1	1.77662844e-08	-2.37755785e-07	0	2.38418636e-07	-0.0745172948	0.997219741	0	0	-0.997219741	-0.0745172948	0	0	4.43834877	-0.0566211082	1
1	0	-2.38418266e-07	0	2.38418693e-07	0.00187737506	0.999998271	0	0	-0.999998271	0.00187737506	0	0	5.20667267	0.000791933388	1
0.997145176	0.0755068213	-0.000158684896	0	-0.0027132344	0.0379311144	0.999276578	0	0.0754582584	-0.99642396	0.0380277149	0	0	6.73925447	-0.00208530249	1
0.988558114	0.15078105	0.00416223984	0	-0.00279538659	-0.0092755463	0.999952674	0	0.15081276	-0.988524497	-0.00874793902	0	-0.0680013373	7.63720989	-0.0363550521	1
0.974318147	0.225107625	0.00551784318	0	-0.00428471062	-0.00596588757	0.99997282	0	0.225134596	-0.974316061	-0.00484815473	0	-0.219362587	8.62932968	-0.0275752991	1
0.954497457	0.298151672	0.00637790048	0	-0.0137400385	0.0226034001	0.999649942	0	0.297903329	-0.954251528	0.0256715212	0	-0.346246094	9.17844391	-0.0248429291	1
0.929209948	0.369492143	0.00673764059	0	-0.0181911923	0.0275230799	0.999455333	0	0.369105965	-0.928827643	0.0322962627	0	-0.506914198	9.69309998	-0.0386883393	1
0.89860189	0.438718647	0.00659504766	0	-0.0230010133	0.0320911743	0.99922061	0	0.438164443	-0.898051918	0.0389281064	0	-0.703867018	10.1887169	-0.0559214354	1
0.862848401	0.505429029	0.0059509459	0	-0.0281416122	0.0362808704	0.998945117	0	0.504680336	-0.862106204	0.045528505	0	-0.959243059	10.7121296	-0.0786099583	1
-0.154291943	0.0399447344	0.987217486	0	-0.752953529	0.642200768	-0.143663585	0	-0.639730453	-0.765495002	-0.0690098405	0	0	4.43834877	-0.0566211045	1
-0.154292062	-0.0399448611	-0.987217486	0	0.75295341	0.642200828	-0.143663749	0	0.639730453	-0.765494943	-0.0690098256	0	2.27271197e-08	4.43834877	-0.0566211082	1
-0.469665885	-0.052289255	-0.88129437	0	-0.87767601	-0.0801551789	0.472504079	0	-0.0953472033	0.995409966	-0.00824686605	0	0.5475142	4.47586966	-0.0333855376	1
-0.469669878	-0.0522896051	-0.881292284	0	-0.87767607	-0.0801552087	0.472504079	0	-0.0953471661	0.995409548	-0.0082468465	0	0.640668333	3.50335526	-0.0253283586	1
-0.469673991	-0.0522900186	-0.881290138	0	-0.882820189	0.0344872363	0.468443453	0	0.00589834247	0.998036265	-0.062360432	0	0.733822405	2.53084135	-0.0172712002	1
-0.469661206	-0.0522905104	-0.881296873	0	-0.882827103	0.034486495	0.468430609	0	0.00589836482	0.998036146	-0.062360432	0	0.7272048	1.41109717	0.0526939258	1
0.997288167	2.81589109e-05	-0.0735966265	0	-0.0271710511	-0.929213703	-0.368542731	0	-0.0683973655	0.369542927	-0.926692963	0	0.720587134	0.291352749	0.122659072	1
-1	5.77189257e-06	0	0	5.77189257e-06	1	0	0	0	0	-1	0	0.762688041	0.0638864636	0.693070233	1
-0.469664842	0.052289173	0.881294966	0	0.877675951	-0.0801558644	0.47250402	0	0.0953478068	0.995409906	-0.0082465522	0	-0.5475142	4.47586966	-0.0333854966	1
-0.469669431	0.0522896051	0.881292343	0	0.877675891	-0.0801558569	0.472503632	0	0.095347777	0.995409608	-0.00824657362	0	-0.640668929	3.50335526	-0.025328625	1
-0.4696742	0.0522899851	0.881290019	0	0.882820189	0.0344877429	0.468443394	0	-0.00589880534	0.998036325	-0.0623606555	0	-0.733823597	2.53084111	-0.017271731	1
-0.469660789	0.0522905551	0.881296933	0	0.882827103	0.0344869569	0.46843031	0	-0.00589876715	0.998036027	-0.0623606853	0	-0.727205455	1.41109645	0.0526936688	1
0.997288108	-2.84469206e-05	0.0735964924	0	0.0271708462	-0.929213166	-0.368544072	0	0.0683972985	0.369544238	-0.926692486	0	-0.720587373	0.291352272	0.122659087	1
-0.99999994	0.000354327989	0	0	0.000354327989	0.99999994	0	0	0	0	-1	0	-0.76268822	0.063885361	0.693069518	1
0.0722336397	0.012806613	0.997305393	0	0.295613766	0.954714298	-0.0336708166	0	-0.952572763	0.297249466	0.065176487	0	0.169653103	8.66802311	0.00685765455	1
-1.0059135	-0.189035267	-0.0512167029	0	0.00484119263	-0.29191485	0.982334912	0	-0.181916639	0.895676792	0.267059654	0	0.877451956	8.46883202	-0.0172738302	1
-0.994612277	-0.141703665	-0.202261522	0	-0.150515124	-0.317602515	0.962661684	0	-0.181912631	0.895656824	0.267053634	0	1.11252379	7.31144238	-0.362367183	1
-0.953594625	-0.0882847831	-0.353481054	0	-0.364230812	0.255173802	0.918862522	0	0.00835910905	0.925436497	-0.253685921	0	1.34759045	6.15407848	-0.707452714	1
-0.99491328	-0.0520195737	-0.22254841	0	-0.228374228	0.264956355	0.959025502	0	0.00835910998	0.925436676	-0.253685951	0	1.33472419	4.72965574	-0.316981822	1
-0.94550097	0.312538624	-0.0913610831	0	-0.148491532	-0.164153039	0.975194335	0	0.289788604	0.935613632	0.201616243	0	1.32185793	3.30523181	0.0734893382	1
0.0809719637	0.0105613191	-0.996660113	0	-0.566496611	0.823219776	-0.0373008624	0	0.820076287	0.567624986	0.0726404786	0	-0.602494538	8.55025005	0.00360637321	1
0.0210328344	0.960441113	0.405115545	0	-0.780786216	-0.253939122	0.64256984	0	0.609371424	-0.27913627	0.630134106	0	-1.2185061	8.14914322	-0.0260993075	1
0.0724451765	0.975099683	0.361891836	0	-0.777711928	-0.190092355	0.667879164	0	0.609357238	-0.279130578	0.630119622	0	-2.00593328	8.50984192	-0.840356052	1
0.171083987	0.987428963	0.271964669	0	0.965844035	-0.247286931	0.290249348	0	0.304358095	0.18322213	-0.856691003	0	-2.79334211	8.87053299	-1.65459383	1
0.0350491218	1.01222897	0.22894001	0	0.980252743	-0.107508197	0.325263143	0	0.304358304	0.1832228	-0.856691301	0	-3.2618072	8.5885191	-0.335983038	1
0.419459462	0.335690796	-0.843424857	0	0.853358448	0.171029717	0.492471218	0	0.309568584	-0.926315486	-0.21472463	0	-3.73027277	8.30650425	0.982628465	1
1	0	0	0	0	1	0	0	0	0	1	0	0	0	0	1
1	1.77662844e-08	-2.37755785e-07	0	2.38418636e-07	-0.0745172948	0.997219741	0	0	-0.997219741	-0.0745172948	0	0	4.43834877	-0.0566211082	1
1	0	-2.38418266e-07	0	2.38418693e-07	0.00187737506	0.999998271	0	0	-0.999998271	0.00187737506	0	0	5.20667267	0.000791933388	1
0.995174587	0.0981172025	-0.000298960716	0	-0.00362019776	0.0397631302	0.999202311	0	0.0980508998	-0.994380534	0.0399264917	0	0	6.73925447	-0.00208530249	1
0.980678856	0.195558757	0.00503531471	0	-0.00398821337	-0.00574796507	0.999975324	0	0.195583045	-0.980675697	-0.00485698273	0	-0.0883613378	7.63536835	-0.038066186	1
0.956704378	0.290992916	0.00631480431	0	-0.00635570055	-0.000804799201	0.999979377	0	0.290991962	-0.956724644	0.0010795088	0	-0.28465569	8.61961079	-0.0331915393	1
0.92346704	0.383616269	0.00674907677	0	-0.0191318262	0.028472472	0.99941057	0	0.383198947	-0.923054159	0.0336327516	0	-0.448655725	9.15881062	-0.0337999389	1
0.881292343	0.472526908	0.00633416092	0	-0.0255406275	0.0342422649	0.999086022	0	0.47187984	-0.880651772	0.0422462337	0	-0.655326247	9.65664101	-0.0519390777	1
0.830590546	0.556859732	0.00507398043	0	-0.0324840024	0.0393519774	0.998697042	0	0.555934608	-0.829673409	0.050774429	0	-0.907118559	10.1265516	-0.0744814202	1
0.77185595	0.63578999	0.00298093236	0	-0.0398941152	0.0437515117	0.998245656	0	0.634543896	-0.770620465	0.0591341294	0	-1.23113477	10.6101112	-0.104074351	1
-0.154291943	0.0399447344	0.987217486	0	-0.752953529	0.642200768	-0.143663585	0	-0.639730453	-0.765495002	-0.0690098405	0	0	4.43834877	-0.0566211045	1
-0.154292062	-0.0399448611	-0.987217486	0	0.75295341	0.642200828	-0.143663749	0	0.639730453	-0.765494943	-0.0690098256	0	2.27271197e-08	4.43834877	-0.0566211082	1
-0.469665885	-0.052289255	-0.88129437	0	-0.87767601	-0.0801551789	0.472504079	0	-0.0953472033	0.995409966	-0.00824686605	0	0.5475142	4.47586966	-0.0333855376	1
