36	68	MATRIX4
1	0	0	0	0	1	0	0	0	0	1	0	0	0	0	1
1	1.92935321e-08	-2.37636726e-07	0	2.38418636e-07	-0.0809230357	0.996720374	0	0	-0.996720374	-0.0809230357	0	0	4.43854141	-0.0590888076	1
1.00000012	0	-2.38416249e-07	0	2.38418721e-07	-0.00454779761	0.999989808	0	0	-0.99998945	-0.00454779621	0	0	5.2064805	0.00325963646	1
0.999993563	0.0034726942	2.52826267e-05	0	-0.000114419498	0.0256715827	0.999669194	0	0.0034709035	-0.999664843	0.0256718658	0	0	6.73904896	0.0102295186	1
0.999975741	0.00695131393	0.000277319457	0	-8.7982582e-05	-0.0272025019	0.999630034	0	0.00695629371	-0.999606907	-0.0272012595	0	-0.00312790275	7.639925	-0.0129054077	1
0.999945581	0.0104266563	0.00041502263	0	-0.000106505016	-0.0295179859	0.999564767	0	0.0104343677	-0.999510229	-0.0295152627	0	-0.0101094954	8.6431675	0.0143947788	1
0.999903202	0.0139020178	0.000551413221	0	-0.000476888381	-0.00530185411	0.99998641	0	0.0139047597	-0.999890387	-0.00529471366	0	-0.0159901958	9.20648098	0.0310292728	1
0.999848783	0.017377058	0.000686784391	0	-0.000598494953	-0.00502198469	0.999987781	0	0.0173803046	-0.999837458	-0.00501082791	0	-0.0234894454	9.74575138	0.033884868	1
0.999782324	0.020851871	0.00082116999	0	-0.00072090805	-0.00474262983	0.999989569	0	0.0208555534	-0.999772727	-0.00472656731	0	-0.0327634737	10.2792587	0.0365586169	1
0.999704182	0.0243265461	0.000954176881	0	-0.000844527851	-0.00446383236	0.99999088	0	0.0243305657	-0.999695182	-0.00444196444	0	-0.0449187458	10.8619576	0.0393134095	1
-0.154291943	0.0336009525	0.987453759	0	-0.752953529	0.643110573	-0.139534384	0	-0.639730453	-0.765035808	-0.0739268288	0	0	4.43854141	-0.0590888038	1
-0.154292062	-0.0336010866	-0.987453759	0	0.75295341	0.643110573	-0.139534533	0	0.639730453	-0.765035689	-0.0739268139	0	2.27271197e-08	4.43854141	-0.0590888076	1
-0.469221801	-0.0626511574	-0.884377301	0	-0.875006199	-0.128487289	0.473362893	0	-0.141522706	0.983678043	0.005401514	0	0.547514141	4.47591209	-0.0356126465	1
-0.458084643	-0.061016269	-0.89031142	0	-0.880890548	-0.129272133	0.462102085	0	-0.141522735	0.983677745	0.0054015317	0	0.685781658	3.51485968	-0.0408899188	1
-0.446641952	-0.0593400039	-0.895777225	0	-0.897070348	0.0681503192	0.442772329	0	0.0343990102	0.990555048	-0.0827701092	0	0.824049175	2.55380774	-0.0461672097	1
-0.447171211	-0.0592999384	-0.895515919	0	-0.896806955	0.0681853145	0.443300962	0	0.0343989134	0.990554988	-0.0827702209	0	0.785455287	1.44245708	0.046696499	1
0.997593582	3.70339478e-07	-0.0735489503	0	-0.0270872358	-0.929989815	-0.367406607	0	-0.0683175772	0.368071109	-0.926635087	0	0.746861517	0.331106067	0.139560372	1
-1	5.77189257e-06	0	0	5.77189257e-06	1	0	0	0	0	-1	0	0.78891331	0.104545742	0.709935904	1
-0.46994862	0.0491955392	0.882635832	0	0.877064109	-0.09903083	0.472513765	0	0.110142551	0.991583407	0.00337609393	0	-0.5475142	4.47591162	-0.0356126092	1
-0.466492683	0.048805356	0.884488881	0	0.878909528	-0.0992239043	0.469031155	0	0.110142507	0.991583347	0.00337606925	0	-0.655123353	3.50713563	-0.0389110483	1
-0.462952912	0.0484063029	0.886201799	0	0.887402177	0.0417367704	0.461300224	0	-0.0145982606	0.995945454	-0.0620268919	0	-0.762732446	2.53835964	-0.0422094651	1
-0.461301804	0.0484839045	0.887058377	0	0.888261557	0.041646596	0.459651291	0	-0.0145981638	0.995945215	-0.0620268881	0	-0.746353984	1.4209609	0.0273814686	1
0.997565985	-0.00773114571	0.0736249685	0	0.0202916078	-0.928182721	-0.372402251	0	0.0711285174	0.37252897	-0.924622834	0	-0.729975581	0.303562522	0.096972391	1
-0.999970376	0.00769665325	-5.891193e-05	0	0.00769622019	0.999955595	0.00542988861	0	0.000100701291	0.00542927487	-0.999985278	0	-0.773757577	0.074258402	0.666108847	1
0.0773265883	-0.0160946269	0.996876419	0	0.429784685	0.902736962	-0.0187635124	0	-0.899614513	0.429893136	0.0767224655	0	0.380560488	8.62487507	0.0469286852	1
-0.894696355	-0.526843071	0.0652572289	0	0.372966975	-0.532805204	0.811983943	0	-0.335517347	0.640968025	0.574701071	0	1.05222619	8.32644844	0.0145965647	1
-0.959661365	-0.37633568	-0.140532196	0	0.136590824	-0.647942066	0.802397549	0	-0.335509777	0.640953362	0.574688017	0	1.48578024	7.49819231	-0.728029668	1
-0.946080387	-0.141368642	-0.394664884	0	-0.399125397	0.601738274	0.741231024	0	0.115727603	0.748956561	-0.545694828	0	1.91932452	6.66995525	-1.47063899	1
-1.01310456	0.00297432626	-0.210770741	0	-0.167298645	0.61811465	0.812871695	0	0.115727626	0.74895668	-0.545695007	0	1.74119771	5.51716852	-0.6307109	1
-0.891716778	0.441106796	-0.101320431	0	-0.0945987776	0.0372700095	0.994817555	0	0.442596912	0.896680415	0.0084938528	0	1.56307077	4.36438084	0.209218025	1
0.077648513	0.0171719603	-0.996833205	0	-0.442282766	0.896674931	-0.0190055631	0	0.893508255	0.442357749	0.0772201419	0	-0.400505334	8.6194458	0.0467118546	1
-0.929254174	0.461948961	-0.0310016647	0	-0.278817028	-0.502854466	0.864447713	0	0.330297232	0.698856115	0.513062119	0	-1.06793916	8.31171131	0.0140080648	1
-0.967942059	0.339084148	0.161262199	0	-0.0660433918	-0.592698455	0.84984839	0	0.330289781	0.698840439	0.513050437	0	-1.49474788	7.40865231	-0.648968756	1
-0.944695294	0.165562287	0.382656515	0	0.412447721	0.509799182	0.797670186	0	-0.0554228649	0.801590502	-0.483647466	0	-1.92154694	6.5056138	-1.31193018	1
-0.998850763	0.0811675265	0.248987719	0	0.254674554	0.529828072	0.848945498	0	-0.0554228872	0.80159086	-0.483647704	0	-1.83624053	5.27181339	-0.567504525	1
-0.928215563	-0.358727723	0.0986393839	0	0.244182423	-0.38738054	0.888994455	0	-0.280695885	0.849264503	0.447167814	0	-1.75093412	4.03801203	0.176921606	1
1	0	0	0	0	1	0	0	0	0	1	0	0	0	0	1
0.999999762	2.35931434e-08	-2.37248329e-07	0	2.38418579e-07	-0.0989569053	0.995091379	0	0	-0.995092094	-0.0989569873	0	0	4.43916893	-0.0660360307	1
1.00000012	0	-2.38357501e-07	0	2.38418721e-07	-0.0226534251	0.999743402	0	0	-0.999743044	-0.0226534177	0	0	5.20585346	0.0102069601	1
0.999902427	0.0135694062	0.000338957354	0	-0.00045269393	0.00838549994	0.999947429	0	0.0135661447	-0.99987179	0.00839100778	0	0	6.73804426	0.0449252352	1
0.999630332	0.0271447171	0.00155349891	0	-0.000366691675	-0.0436663404	0.999045968	0	0.0271866657	-0.998677611	-0.0436402634	0	-0.0122255143	7.63910675	0.0373634398	1
0.999168396	0.0407120213	0.00230781431	0	-0.000466797705	-0.0451660603	0.998979509	0	0.0407747142	-0.998149812	-0.0451094955	0	-0.0395110548	8.64141655	0.0811624154	1
0.998520732	0.0542724244	0.00304625812	0	-0.001953342	-0.0201807376	0.99979347	0	0.0543229505	-0.998325288	-0.0200449675	0	-0.0624912605	9.20396328	0.106585659	1
0.997689247	0.0678239763	0.0037692762	0	-0.00247849105	-0.0191105474	0.999812961	0	0.0678836852	-0.997517467	-0.0188983902	0	-0.0917892382	9.74238968	0.117396504	1
0.996674776	0.0813639015	0.0044767512	0	-0.00301803346	-0.0180475172	0.999832451	0	0.0814310685	-0.996521413	-0.0177419502	0	-0.128011584	10.2746592	0.127480581	1
0.995474517	0.0948892981	0.00516840769	0	-0.00357191451	-0.016991809	0.999848962	0	0.0949628577	-0.995343387	-0.0165759884	0	-0.17547217	10.855463	0.137821153	1
-0.154291943	0.0157160889	0.987900078	0	-0.752953529	0.645531595	-0.127866969	0	-0.639730453	-0.763571739	-0.0877668709	0	0	4.43916893	-0.0660360307	1
-0.154292062	-0.0157162119	-0.987900078	0	0.75295341	0.645531595	-0.127867118	0	0.639730453	-0.76357168	-0.0877668485	0	2.27271197e-08	4.43916893	-0.0660360381	1
-0.45983091	-0.102894291	-0.890924573	0	-0.853816211	-0.256162226	0.470273465	0	-0.268083125	0.946818054	0.0290156342	0	0.5475142	4.47610807	-0.0418870747	1
-0.419824988	-0.0909292251	-0.911733806	0	-0.874184549	-0.260650247	0.428535223	0	-0.268083036	0.946817696	0.0290156249	0	0.809431136	3.55106783	-0.0702353194	1
-0.377622813	-0.0784175172	-0.930092692	0	-0.926400065	0.154069051	0.363133878	0	0.111713216	0.971720397	-0.127283394	0	1.07134795	2.62602806	-0.0985835493	1
-0.383969277	-0.0773587823	-0.927580059	0	-0.923788071	0.154603407	0.36950615	0	0.111713156	0.971720278	-0.127283365	0	0.946011603	1.53580892	0.044221729	1
0.997581542	-9.52032042e-06	-0.0735230818	0	-0.0270944573	-0.929935992	-0.367504209	0	-0.0682897791	0.368184328	-0.926622331	0	0.820675254	0.445589542	0.187027022	1
-1	5.77189257e-06	0	0	5.77189257e-06	1	0	0	0	0	-1	0	0.862709939	0.218959525	0.757394731	1
-0.470101029	0.0416022129	0.886026621	0	0.872680187	-0.157752186	0.470438689	0	0.156896621	0.979099333	0.037272647	0	-0.5475142	4.47610807	-0.0418870226	1
-0.457042247	0.0392464213	0.892940283	0	0.879593015	-0.158355013	0.457176268	0	0.156896576	0.979099333	0.0372726098	0	-0.700802028	3.5195291	-0.0783023536	1
-0.443579495	0.0368485749	0.899257004	0	0.898933589	0.0671953186	0.440666497	0	-0.0435944498	0.990360498	-0.0620856769	0	-0.854089797	2.56295013	-0.114717655	1
-0.436097026	0.0374056064	0.902887642	0	0.902588129	0.066886954	0.433181763	0	-0.0435943939	0.9903602	-0.0620856993	0	-0.805179119	1.45181739	-0.0450607687	1
0.997122884	-0.0295380764	0.0735846981	0	0.00121212786	-0.922486961	-0.386725128	0	0.0792184249	0.385285318	-0.918804049	0	-0.756268501	0.340685129	0.0245961323	1
-0.999596834	0.0284186713	-1.00924426e-05	0	0.0284123179	0.999380767	0.020755969	0	0.000599942752	0.0207473002	-0.999784589	0	-0.805030107	0.103529051	0.590150952	1
0.0768097341	-0.030953018	0.996565163	0	0.411461383	0.911421239	-0.00340510323	0	-0.908185005	0.410309434	0.0827415735	0	0.351421714	8.63048649	0.113844559	1
-0.870667815	-0.564698875	0.0781881511	0	0.428552508	-0.554197788	0.769589722	0	-0.333544761	0.599789083	0.617657959	0	1.02901018	8.34626293	0.0773860291	1
-0.952429354	-0.400203019	-0.125701174	0	0.186063424	-0.682547569	0.763278484	0	-0.333537132	0.599775493	0.617644012	0	1.4600153	7.57121801	-0.720748901	1
-0.952276707	-0.13536194	-0.382799	0	-0.387897432	0.591685295	0.75573349	0	0.108138584	0.755891502	-0.536304414	0	1.89101052	6.79619074	-1.51886582	1
-1.01701045	0.00845451839	-0.193150312	0	-0.15160799	0.606912494	0.824839652	0	0.108138613	0.755891383	-0.536304533	0	1.72456467	5.63273001	-0.693391323	1
-0.911351562	0.40546751	-0.0709524602	0	-0.0528770462	0.0556237958	0.997050643	0	0.408218235	0.912415504	-0.029252965	0	1.5581187	4.4692688	0.132083833	1
0.0781118125	0.0351599418	-0.996324122	0	-0.460304707	0.88774842	-0.00476010656	0	0.884317994	0.458984733	0.0855276734	0	-0.429374158	8.6092844	0.112630919	1
-0.921062112	0.479226142	-0.0042187986	0	-0.272831887	-0.516823471	0.858188152	0	0.352007776	0.681147516	0.522113919	0	-1.09042299	8.28871059	0.0740917623	1
-0.958016217	0.358439684	0.178272754	0	-0.0708439797	-0.606874287	0.839488089	0	0.351999551	0.681131899	0.522101998	0	-1.54528594	7.40853453	-0.600581765	1
-0.938438475	0.187482908	0.388104498	0	0.429187834	0.492026597	0.800093412	0	-0.0360098109	0.806656003	-0.476745903	0	-2.00013828	6.52837896	-1.27523971	1
-0.999830246	0.0969427675	0.239547268	0	0.255358726	0.517534375	0.856382668	0	-0.0360098295	0.806656718	-0.476746202	0	-1.94471228	5.28678131	-0.541436851	1
-0.93924427	-0.333183765	0.0825118273	0	0.203313321	-0.346342325	0.915811419	0	-0.276556075	0.876946449	0.393040866	0	-1.88928628	4.0451827	0.19236654	1
1	0	0	0	0	1	0	0	0	0	1	0	0	0	0	1
0.999999821	3.02397076e-08	-2.36493022e-07	0	2.38418608e-07	-0.126834631	0.991923451	0	0	-0.991923928	-0.126834691	0	0	4.44038916	-0.076775521	1
1	1.33499727e-08	-2.38047903e-07	0	2.38418693e-07	-0.0506918132	0.998714089	0	0	-0.998714089	-0.0506918132	0	0	5.20463276	0.0209462941	1
0.999545515	0.0301091187	0.00157794275	0	-0.00102633378	-0.0183272716	0.999831736	0	0.0301329456	-0.999378145	-0.0182880219	0	0	6.73524666	0.0986357778	1
0.998175085	0.0601608455	0.00505784387	0	-0.00089576497	-0.0690150708	0.997615218	0	0.0603665113	-0.995800316	-0.0688353106	0	-0.0271551572	7.63586426	0.115116544	1
0.995896995	0.090181604	0.0074711265	0	-0.00121874048	-0.0691920072	0.997603416	0	0.0904823393	-0.993518472	-0.0687981397	0	-0.0877412111	8.63528633	0.184202194	1
0.992710352	0.120125905	0.00980379619	0	-0.00465539936	-0.0430663675	0.999062717	0	0.120435275	-0.991823435	-0.0421931073	0	-0.138736114	9.19522285	0.222976103	1
0.988617599	0.149966329	0.0120538436	0	-0.00599600468	-0.0407838076	0.999150991	0	0.150330573	-0.987850189	-0.0394203775	0	-0.203690439	9.73014259	0.245732099	1
0.983623207	0.17967546	0.0142191658	0	-0.00740462868	-0.0385424457	0.99923104	0	0.180085212	-0.98297143	-0.0365807861	0	-0.283905953	10.2572536	0.266766578	1
0.977731764	0.209226176	0.0162978433	0	-0.00888060033	-0.0363441668	0.999301016	0	0.209672123	-0.977192402	-0.0336767696	0	-0.388865292	10.8301601	0.28808701	1
-0.154291943	-0.0120050712	0.987951994	0	-0.752953529	0.648864567	-0.109706633	0	-0.639730453	-0.760808825	-0.109153837	0	0	4.44038916	-0.0767755136	1
-0.154292062	0.0120049305	-0.987951994	0	0.75295341	0.648864627	-0.109706789	0	0.639730453	-0.760808706	-0.109153815	0	2.27271197e-08	4.44038916	-0.0767755136	1
-0.426148951	-0.183521837	-0.898878276	0	-0.808884025	-0.392462283	0.463622093	0	-0.418176204	0.88309139	0.0179543458	0	0.54751426	4.47663641	-0.0515996926	1
-0.348752469	-0.146071523	-0.938243151	0	-0.845145583	-0.407885909	0.37765497	0	-0.418176144	0.883090794	0.0179543458	0	0.956071973	3.61385703	-0.0691410676	1
-0.26323384	-0.104937226	-0.969626069	0	-0.955079377	0.231125057	0.234271377	0	0.191593602	0.948492706	-0.154663846	0	1.36462951	2.75107861	-0.0866824389	1
-0.298062891	-0.0963954628	-0.960388303	0	-0.944789827	0.234815851	0.269652784	0	0.191593543	0.948492885	-0.154663816	0	1.14967155	1.68691969	0.0868422687	1
0.997471035	-3.30197713e-06	-0.0735307112	0	-0.0271273404	-0.92964071	-0.367950201	0	-0.0683074072	0.36875242	-0.92663157	0	0.934713602	0.622760177	0.260366976	1
-1	5.77189257e-06	0	0	5.77189257e-06	1	0	0	0	0	-1	0	0.976759136	0.395780474	0.830740333	1
-0.46834451	0.0325823613	0.890289307	0	0.861163139	-0.241060406	0.461856306	0	0.223794818	0.957880199	0.0826732069	0	-0.5475142	4.47663641	-0.0515996777	1
-0.440967053	0.0249677934	0.904403925	0	0.875499487	-0.241967663	0.433559835	0	0.223794863	0.957880378	0.0826732293	0	-0.766161501	3.54078841	-0.132371306	1
-0.412399679	0.0172000807	0.917072535	0	0.913270772	0.101068497	0.408794731	0	-0.0837371871	0.983585715	-0.0561034605	0	-0.984808862	2.60494041	-0.213142961	1
-0.398271233	0.0187562499	0.923265874	0	0.91952014	0.100791223	0.394608051	0	-0.083737053	0.983585477	-0.0561034903	0	-0.890860081	1.50140858	-0.150197804	1
0.995596111	-0.0633822083	0.0728538632	0	-0.0281989891	-0.912581086	-0.408579469	0	0.0922827125	0.404291958	-0.90937382	0	-0.796911478	0.397877216	-0.0872526243	1
-0.998162985	0.0605820753	0.000695901632	0	0.0605528951	0.997170389	0.0445485786	0	0.00200491468	0.0445089191	-0.999007702	0	-0.853714585	0.149021909	0.472497582	1
0.0758214667	-0.0536961481	0.995674789	0	0.381025165	0.924329758	0.0208323803	0	-0.9214499	0.377797902	0.0905437618	0	0.30327338	8.6364727	0.217698917	1
-0.826878011	-0.625655651	0.0940922275	0	0.515356839	-0.576219678	0.697426736	0	-0.325187206	0.53201586	0.679849863	0	0.989982605	8.37584305	0.175965652	1
-0.937469959	-0.441065341	-0.103257328	0	0.265503466	-0.727290928	0.696136832	0	-0.325179756	0.532003641	0.679834366	0	1.41018808	7.68837452	-0.702533364	1
-0.962685823	-0.128418684	-0.359981209	0	-0.368601948	0.569868803	0.782447398	0	0.0909314975	0.769721389	-0.517763436	0	1.8303839	7.00092173	-1.58101225	1
-1.02305973	0.0123209814	-0.161356762	0	-0.126402557	0.584028423	0.846033812	0	0.0909315273	0.769721866	-0.517763555	0	1.69042301	5.81617403	-0.784075856	1
-0.937204897	0.348260045	-0.0190043598	0	0.0126340175	0.0883509517	0.99600929	0	0.348549128	0.933224797	-0.0872030184	0	1.55046201	4.6314249	0.0128611922	1
0.0788745359	0.0630197898	-0.994890749	0	-0.489471942	0.871864438	0.016421305	0	0.868443906	0.485675693	0.099613674	0	-0.476385951	8.58948135	0.213748112	1
-0.907302558	0.503617346	0.0376028121	0	-0.263981462	-0.538858354	0.847459257	0	0.384530962	0.652822912	0.534878969	0	-1.1263653	8.24829102	0.165241331	1
-0.941656172	0.386661977	0.205044448	0	-0.0786679387	-0.628095448	0.823148966	0	0.384521902	0.652807832	0.534866929	0	-1.62325466	7.40471601	-0.525927067	1
-0.92743963	0.220923781	0.397109747	0	0.454385668	0.462944925	0.80365634	0	-0.00553127378	0.81370616	-0.465606749	0	-2.12013221	6.56116056	-1.21707976	1
-1.00107884	0.120960571	0.223286211	0	0.253872216	0.498491734	0.868160725	0	-0.00553127564	0.813706458	-0.465607077	0	-2.11161852	5.30871153	-0.50042218	1
-0.954600632	-0.293160141	0.0528603345	0	0.137215689	-0.275234729	0.95153439	0	-0.264402866	0.915588617	0.302965462	0	-2.10310483	4.05626202	0.216235995	1
1	0	0	0	0	1	0	0	0	0	1	0	0	0	0	1
0.999999821	3.87972108e-08	-2.35240719e-07	0	2.38418579e-07	-0.162727371	0.986670792	0	0	-0.986671329	-0.16272746	0	0	4.44241285	-0.0906025916	1
1	2.07139781e-08	-2.37517128e-07	0	2.38418693e-07	-0.0868808106	0.996218622	0	0	-0.996218562	-0.0868808031	0	0	5.20260954	0.0347733796	1
0.998581529	0.0530434772	0.00466324016	0	-0.0018635859	-0.0527079254	0.99860847	0	0.0532154031	-0.997199655	-0.0525342561	0	0	6.72939873	0.167925552	1
0.994309783	0.105779089	0.0125701819	0	-0.00178070785	-0.101484276	0.994835496	0	0.106508553	-0.989197791	-0.100718528	0	-0.0479565635	7.62805319	0.215268284	1
0.987212837	0.158331797	0.0184670892	0	-0.00259686215	-0.0998643711	0.994997978	0	0.159384117	-0.982323349	-0.0981762782	0	-0.15485248	8.62084866	0.316353112	1
0.977305293	0.210458651	0.024082331	0	-0.00898148306	-0.072419025	0.997333884	0	0.211641803	-0.974917233	-0.0688853413	0	-0.244679704	9.17447567	0.371684253	1
0.96461612	0.2620112	0.02939987	0	-0.011755784	-0.0686589107	0.997570932	0	0.263393551	-0.962619424	-0.0631493926	0	-0.358824402	9.70027733	0.408836156	1
0.94918108	0.312840641	0.0344045982	0	-0.0147268493	-0.0650499016	0.997773111	0	0.314382464	-0.94757539	-0.0571370535	0	-0.499369681	10.2139254	0.442532301	1
0.931044936	0.362802207	0.0390821099	0	-0.0178859252	-0.0616027787	0.997939885	0	0.364462703	-0.929826856	-0.0508659557	0	-0.68260169	10.766202	0.475833565	1
-0.154291943	-0.0478293039	0.986866772	0	-0.752953529	0.652416825	-0.0861007348	0	-0.639730453	-0.756349504	-0.136675909	0	0	4.44241285	-0.0906025842	1
-0.154292062	0.0478291698	-0.986866772	0	0.75295341	0.652416825	-0.0861009061	0	0.639730453	-0.756349385	-0.136675864	0	2.27271197e-08	4.44241285	-0.0906025842	1
-0.353800297	-0.302103341	-0.902132869	0	-0.747315824	-0.507377326	0.463003397	0	-0.562980831	0.789448321	-0.0435769297	0	0.547514141	4.47772408	-0.0641287491	1
-0.239397734	-0.223751083	-0.960681856	0	-0.791421413	-0.546475589	0.324502468	0	-0.562980592	0.789448023	-0.0435769297	0	1.09754586	3.70643377	-0.0215541348	1
-0.106526934	-0.131118804	-0.99912101	0	-0.972925544	0.274996102	0.0676454753	0	0.252194941	0.928855419	-0.148786753	0	1.64757717	2.93514395	0.0210204683	1
-0.197728559	-0.104623474	-0.988301635	0	-0.958559096	0.286127269	0.161487967	0	0.252194822	0.928855479	-0.148786768	0	1.36462772	1.89301705	0.187951386	1
0.997385919	7.33013167e-06	-0.0735512972	0	-0.0271502491	-0.929427385	-0.368260831	0	-0.0683375299	0.369155914	-0.926648259	0	1.08167827	0.850889683	0.35488236	1
-1	5.77189257e-06	0	0	5.77189257e-06	1	0	0	0	0	-1	0	1.12374234	0.623661637	0.925265968	1
-0.463382542	0.0240252651	0.895510375	0	0.84277463	-0.330118448	0.444963008	0	0.296020478	0.928608358	0.128262803	0	-0.547514319	4.47772312	-0.0641287863	1
-0.418510944	0.00666594505	0.917629838	0	0.865936637	-0.330924779	0.397344321	0	0.296020567	0.928608537	0.128262818	0	-0.83672601	3.57047367	-0.189441413	1
-0.370809823	-0.0111801708	0.936743498	0	0.928284585	0.1312235	0.369027764	0	-0.123293646	0.976659477	-0.0371492058	0	-1.12593782	2.66322422	-0.314754069	1
-0.353550225	-0.00874737184	0.943419278	0	0.934994996	0.13140808	0.351611435	0	-0.123293534	0.976659298	-0.0371491835	0	-0.98760879	1.56746328	-0.273074597	1
0.991957724	-0.107138768	0.0707000941	0	-0.0658053979	-0.897448242	-0.436707705	0	0.11013741	0.428152025	-0.896462202	0	-0.849279881	0.471702695	-0.231395155	1
-0.994763613	0.102170311	0.00275263423	0	0.1020867	0.991920292	0.0753209665	0	0.00496517261	0.0752075389	-0.997156024	0	-0.917073131	0.208160728	0.32040748	1
0.0741556659	-0.0825999901	0.993820131	0	0.33790186	0.939694285	0.0528877974	0	-0.938255131	0.331891775	0.0975944251	0	0.235551596	8.6389122	0.352050692	1
-0.756669164	-0.707781076	0.106076322	0	0.627717793	-0.582184672	0.593115389	0	-0.304276407	0.437988669	0.75194484	0	0.933714569	8.411623	0.305726826	1
-0.909723043	-0.501394093	-0.076072447	0	0.372832268	-0.767147958	0.597711623	0	-0.304269463	0.437978774	0.751927793	0	1.32689929	7.84565592	-0.665933073	1
-0.976852894	-0.125738233	-0.322047263	0	-0.339578778	0.530140221	0.823045313	0	0.0583204366	0.792173028	-0.486192465	0	1.72007489	7.27970171	-1.63757086	1
-1.03021085	0.0075705112	-0.11124219	0	-0.0906713381	0.544795215	0.876780212	0	0.0583203807	0.792172968	-0.486192614	0	1.63030863	6.06039667	-0.889228165	1
-0.960690677	0.271763027	0.0567282885	0	0.0973781273	0.138506964	0.985562444	0	0.259982079	0.952344835	-0.159526259	0	1.54054236	4.84109116	-0.140884817	1
0.0799413025	0.0989935398	-0.991871774	0	-0.529224277	0.847445488	0.041925285	0	0.84470731	0.5215711	0.120135233	0	-0.541088521	8.55628967	0.342232078	1
-0.887765229	0.530944407	0.0921271667	0	-0.253276289	-0.567826688	0.831829369	0	0.424663514	0.614801705	0.548980415	0	-1.17443788	8.18734741	0.279074728	1
-0.918863595	0.420079917	0.240339905	0	-0.0893594399	-0.654121995	0.801673651	0	0.424653828	0.614787936	0.548967898	0	-1.72318625	7.39290333	-0.430315495	1
-0.910872579	0.26325196	0.409790963	0	0.485561103	0.422607332	0.807807326	0	0.0346794724	0.821202695	-0.450460434	0	-2.27192211	6.59847689	-1.13968945	1
-1.00212133	0.151599586	0.199220851	0	0.247408167	0.474253118	0.883624613	0	0.0346793272	0.821202874	-0.450460613	0	-2.32530046	5.33448935	-0.446344972	1
-0.970299721	-0.241837412	0.00574406236	0	0.0481794178	-0.169926956	0.984278142	0	-0.237059131	0.95532167	0.176531672	0	-2.37867856	4.07050133	0.246999919	1
1	0	0	0	0	1	0	0	0	0	1	0	0	0	0	1
1	4.88123213e-08	-2.33368368e-07	0	2.38418636e-07	-0.204733774	0.978817582	0	0	-0.978817582	-0.204733774	0	0	4.44543839	-0.106784791	1
1	3.08428518e-08	-2.36415261e-07	0	2.38418693e-07	-0.129364341	0.991596997	0	0	-0.991596997	-0.129364341	0	0	5.19958401	0.0509556085	1
0.996570349	0.0820613727	0.0106618553	0	-0.00299893506	-0.0929427892	0.995666981	0	0.0826966986	-0.992283642	-0.0923778862	0	0	6.71929026	0.249217391	1
0.986256838	0.163141415	0.0260949805	0	-0.00315978611	-0.139290363	0.990245938	0	0.165185258	-0.976721466	-0.136860907	0	-0.0745244622	7.6135149	0.332466334	1
0.969168127	0.243436038	0.038091071	0	-0.00490939897	-0.135483757	0.990766943	0	0.246349528	-0.96040839	-0.130111635	0	-0.240310475	8.59378815	0.46982497	1
0.945410073	0.322136074	0.0492738672	0	-0.0154082254	-0.106846914	0.994156003	0	0.325518399	-0.940644741	-0.0960506573	0	-0.37915051	9.13506413	0.543154538	1
0.915146947	0.398696095	0.0595656745	0	-0.0204608683	-0.101632066	0.994611681	0	0.402601302	-0.911433995	-0.0848505422	0	-0.554712236	9.64238167	0.59495753	1
0.878587961	0.472585201	0.0688951761	0	-0.0259285495	-0.0968453959	0.994961679	0	0.476876229	-0.875947416	-0.0728337243	0	-0.769537926	10.1287174	0.640233278	1
0.835987151	0.54329145	0.0771976337	0	-0.031773448	-0.0925200731	0.995203555	0	0.547828019	-0.834430456	-0.0600833595	0	-1.04747641	10.6392469	0.682683051	1
-0.154291943	-0.0899490044	0.983922184	0	-0.752953529	0.655499578	-0.0581479855	0	-0.639730453	-0.749819517	-0.16886571	0	0	4.44543839	-0.106784783	1
-0.154292062	0.0899488851	-0.983922184	0	0.75295341	0.655499697	-0.0581481494	0	0.639730453	-0.749819338	-0.168865681	0	2.27271197e-08	4.44543839	-0.106784783	1
-0.235098004	-0.445103914	-0.88631779	0	-0.682528853	-0.588274896	0.476481825	0	-0.67952019	0.664210856	-0.153318599	0	0.54751426	4.47958565	-0.0788263977	1
-0.0893367752	-0.31426236	-0.965508461	0	-0.716336727	-0.667403162	0.283519149	0	-0.679519892	0.664210737	-0.153318509	0	1.2114048	3.83065224	0.0709657073	1
0.0848823264	-0.14475067	-1.00329435	0	-0.970921934	0.277726918	-0.122211911	0	0.27675885	0.919466734	-0.10924162	0	1.87529492	3.1817193	0.220757693	1
-0.0892950371	-0.0930045545	-1.00902629	0	-0.970526397	0.299056947	0.0583230332	0	0.276758641	0.919466615	-0.109241717	0	1.56478608	2.15012598	0.343321055	1
0.997374237	7.39974621e-06	-0.0735506043	0	-0.0271549225	-0.929389536	-0.368324041	0	-0.0683373287	0.369232327	-0.926643133	0	1.25427735	1.11853242	0.465884566	1
-1	5.77189257e-06	0	0	5.77189257e-06	1	0	0	0	0	-1	0	1.2963413	0.891257286	1.03626502	1
-0.454588592	0.0161862634	0.902052343	0	0.81965065	-0.414669931	0.420514941	0	0.36563307	0.893324852	0.168230847	0	-0.5475142	4.47958517	-0.0788264573	1
-0.390376538	-0.0156691	0.931649804	0	0.852108002	-0.414690018	0.350078464	0	0.36563316	0.893324912	0.168230802	0	-0.904737353	3.60680771	-0.243187815	1
-0.32059443	-0.0487195328	0.955486298	0	0.943122625	0.153244615	0.324259818	0	-0.156501561	0.969660401	-0.00306873466	0	-1.26196051	2.73403025	-0.407549143	1
-0.305887222	-0.0463302545	0.960413635	0	0.94799453	0.153983787	0.309360176	0	-0.156501517	0.969660103	-0.00306869322	0	-1.08637393	1.64612198	-0.40410617	1
0.985364079	-0.15851073	0.0664213747	0	-0.109394602	-0.876612067	-0.469109029	0	0.132457495	0.454540879	-0.880277634	0	-0.910787404	0.558214068	-0.400663257	1
-0.98851198	0.150989532	0.0068385629	0	0.150805697	0.982260287	0.111455478	0	0.0101113543	0.111206278	-0.993745446	0	-0.992319465	0.278428853	0.141177237	1
0.0715412945	-0.115976356	0.990672052	0	0.281707048	0.955130398	0.0914717987	0	-0.956829488	0.272535354	0.101002432	0	0.148083687	8.63325787	0.50992626	1
-0.653107464	-0.804813802	0.105339989	0	0.754856825	-0.552552164	0.458528459	0	-0.263850838	0.321710855	0.82204628	0	0.858717799	8.44908428	0.461787343	1
-0.862668455	-0.582054019	-0.0491003357	0	0.502178371	-0.783755541	0.467908949	0	-0.263844818	0.321703464	0.822027564	0	1.19966471	8.03337097	-0.600457311	1
-0.992823064	-0.136085436	-0.265408248	0	-0.298233002	0.465978682	0.876686692	0	0.00378417596	0.822197437	-0.435729116	0	1.54060388	7.6176672	-1.66267765	1
-1.03583992	-0.0154432533	-0.0381367393	0	-0.0409283489	0.485197365	0.915186226	0	0.00378425373	0.822197914	-0.435729235	0	1.53477931	6.35214901	-0.992007673	1
-0.970943689	0.180487454	0.157138214	0	0.19391422	0.208600178	0.958583951	0	0.140233248	0.961202443	-0.237538233	0	1.52895463	5.08662939	-0.321337104	1
0.0813076794	0.141259879	-0.986627698	0	-0.578396499	0.812856555	0.0687144473	0	0.811693311	0.565075159	0.147795498	0	-0.62226665	8.50583076	0.489543617	1
-0.862267733	0.557363212	0.156726554	0	-0.241894692	-0.602236509	0.810876667	0	0.469507843	0.568285704	0.562124729	0	-1.23236108	8.10318947	0.406459749	1
-0.88964802	0.455332458	0.282744706	0	-0.102774203	-0.682663441	0.775986195	0	0.469496965	0.568272531	0.562111855	0	-1.83905721	7.36885309	-0.319915533	1
-0.88779676	0.311861366	0.426242888	0	0.520097435	0.371223658	0.811674476	0	0.0833354518	0.827475131	-0.431849182	0	-2.44573903	6.63453388	-1.04627395	1
-1.00209522	0.187747255	0.166368455	0	0.233427256	0.447007358	0.901565135	0	0.0833354592	0.827475011	-0.431849271	0	-2.57400823	5.36089182	-0.381575704	1
-0.980788589	-0.184802189	-0.0624613762	0	-0.0582217015	-0.0282853507	0.99790287	0	-0.186181292	0.98236841	0.0169824325	0	-2.70227742	4.08724976	0.283122778	1
1	0	0	0	0	1	0	0	0	0	1	0	0	0	0	1
1	5.98145462e-08	-2.30793546e-07	0	2.38418636e-07	-0.25088045	0.968018055	0	0	-0.968017876	-0.25088042	0	0	4.44959927	-0.124562077	1
1.00000012	4.20096242e-08	-2.34688429e-07	0	2.38418721e-07	-0.17620118	0.984354198	0	0	-0.98435384	-0.17620112	0	0	5.19542408	0.0687327459	1
0.993020952	0.116134048	0.0205478258	0	-0.00445237523	-0.137186661	0.990534842	0	0.117853686	-0.983713269	-0.135712147	0	0	6.70402956	0.338775843	1
0.97208333	0.229811311	0.0473294407	0	-0.00516745076	-0.180699423	0.98352474	0	0.23457785	-0.956313908	-0.174467608	0	-0.106207177	7.5905304	0.461076677	1
0.937557101	0.341020942	0.0684928447	0	-0.00846161507	-0.174495742	0.984622061	0	0.347728491	-0.923719108	-0.160714149	0	-0.341638148	8.55032253	0.636178792	1
0.889903665	0.447661549	0.0875819772	0	-0.024290774	-0.145224527	0.989100873	0	0.455501944	-0.882332861	-0.118361942	0	-0.537614286	9.07092094	0.726755619	1
0.829794884	0.54822892	0.104327902	0	-0.0325887203	-0.139024481	0.989751935	0	0.557116985	-0.824694335	-0.0974961147	0	-0.783280015	9.54678917	0.790591717	1
0.758078218	0.641307354	0.118494853	0	-0.041560214	-0.133820534	0.990133166	0	0.650838792	-0.755525351	-0.0747937784	0	-1.08055437	9.9868412	0.842615068	1
0.675764799	0.725584269	0.129882887	0	-0.051078923	-0.129685804	0.990238488	0	0.7353459	-0.675802946	-0.0505750775	0	-1.45988369	10.4271851	0.886207223	1
-0.154291943	-0.136466458	0.978555441	0	-0.752953529	0.657518506	-0.0270249583	0	-0.639730453	-0.740976512	-0.204202682	0	0	4.44959927	-0.12456207	1
-0.154292062	0.136466339	-0.978555441	0	0.75295341	0.657518625	-0.0270251036	0	0.639730453	-0.740976334	-0.204202652	0	2.27271197e-08	4.44959927	-0.12456207	1
-0.0702845678	-0.59265691	-0.829600513	0	-0.624597907	-0.632217228	0.504576862	0	-0.754969001	0.507540286	-0.298619181	0	0.547514021	4.48238373	-0.0950173512	1
0.0987734422	-0.402661502	-0.934092164	0	-0.62073195	-0.767339468	0.265145868	0	-0.754968882	0.507540166	-0.298619092	0	1.28511786	3.98651743	0.196733266	1
0.295927376	-0.128998354	-0.967413008	0	-0.937012613	0.245231465	-0.319328159	0	0.257376611	0.925278008	-0.0446495563	0	2.02272153	3.49065137	0.488483727	1
0.0196707919	-0.0546052158	-1.01820099	0	-0.982435286	0.271656483	-0.0335484892	0	0.257376432	0.925277948	-0.0446495339	0	1.73395848	2.45253801	0.538578153	1
0.997416079	-5.37317555e-06	-0.0735214725	0	-0.0271497108	-0.929460347	-0.36825344	0	-0.0682999492	0.369117647	-0.926606178	0	1.44519556	1.41442454	0.588672578	1
-1	5.77189257e-06	0	0	5.77189257e-06	1	0	0	0	0	-1	0	1.4872365	1.1872201	1.15903032	1
-0.441932857	0.0084720999	0.909927666	0	0.794049621	-0.490458071	0.390231639	0	0.429309458	0.85461694	0.200549543	0	-0.547514141	4.48238373	-0.0950172096	1
-0.35757947	-0.0422161594	0.945356667	0	0.835440159	-0.488711268	0.294185281	0	0.429309368	0.854617119	0.200549558	0	-0.966948986	3.64742398	-0.290953904	1
-0.263817966	-0.0952180997	0.970506489	0	0.957013786	0.167804286	0.276613981	0	-0.181651533	0.961828232	0.0449873619	0	-1.38638377	2.812464	-0.486890614	1
-0.257967442	-0.0941914245	0.97217834	0	0.958607793	0.168382853	0.270680249	0	-0.181651533	0.961828053	0.0449874103	0	-1.18258023	1.73334301	-0.537364066	1
0.974973083	-0.214925408	0.0594224967	0	-0.156456247	-0.849244416	-0.50458169	0	0.158817321	0.482370019	-0.861105442	0	-0.978776693	0.65422225	-0.587837577	1
-0.978744507	0.204639286	0.0134711387	0	0.204298824	0.967164218	0.151180208	0	0.0179086123	0.150719002	-0.988414645	0	-1.07653415	0.357307285	-0.0577982068	1
0.0677134767	-0.152306259	0.986011267	0	0.213238046	0.967653036	0.134826273	0	-0.97465086	0.201125979	0.0980009064	0	0.0425503515	8.61487484	0.683594763	1
-0.510809839	-0.904542685	0.0822729245	0	0.87993592	-0.469442248	0.302042037	0	-0.198944122	0.192238852	0.878364682	0	0.764828682	8.48254681	0.638409257	1
-0.788703084	-0.680426657	-0.0297184698	0	0.642793894	-0.758693278	0.31163612	0	-0.198939621	0.192234129	0.878344655	0	1.0219034	8.23413658	-0.496609807	1
-1.00498271	-0.171106607	-0.190174788	0	-0.240956709	0.374185503	0.936674714	0	-0.0770480111	0.853536844	-0.36079374	0	1.27897227	7.98573256	-1.63160288	1
-1.03305793	-0.0677836314	0.0602539144	0	0.0290077161	0.405829549	0.953884184	0	-0.0770480186	0.853536963	-0.360793829	0	1.39756382	6.67197704	-1.07627273	1
-0.956641912	0.0823888779	0.279370159	0	0.291140974	0.298535585	0.908907712	0	-0.00851817802	0.950835466	-0.309578657	0	1.51615548	5.35822058	-0.520942092	1
0.0829388723	0.187922135	-0.978675961	0	-0.634504795	0.767237306	0.0935506299	0	0.768456042	0.613215446	0.18287082	0	-0.716729045	8.43537235	0.646626234	1
-0.831025064	0.579604268	0.228509948	0	-0.230500251	-0.639944077	0.784921527	0	0.516597927	0.515257776	0.571792305	0	-1.29619896	7.99529696	0.538060486	1
-0.854281187	0.489513099	0.330704451	0	-0.118126042	-0.711240053	0.747641861	0	0.516586125	0.515246332	0.571779251	0	-1.96374464	7.32948303	-0.200807214	1
-0.857427478	0.36418426	0.446485609	0	0.555327296	0.308947325	0.814447403	0	0.139325395	0.830916286	-0.410192877	0	-2.63127494	6.66368389	-0.939657807	1
-0.999629736	0.228999346	0.124344885	0	0.210501865	0.419091702	0.920441329	0	0.139325604	0.830916941	-0.410193115	0	-2.84572339	5.3847456	-0.308292747	1
-0.979631424	-0.130714163	-0.152434081	0	-0.171024799	0.145323753	0.974490345	0	-0.105227366	0.98071146	-0.164719015	0	-3.06017208	4.10580587	0.323072731	1
1	0	0	0	0	1	0	0	0	0	1	0	0	0	0	1
0.999999821	7.13236261e-08	-2.27500237e-07	0	2.38418579e-07	-0.299153	0.954204857	0	0	-0.954205394	-0.299153149	0	0	4.45491982	-0.143158302	1
1.00000012	5.37366631e-08	-2.32283952e-07	0	2.38418721e-07	-0.225387931	0.974269092	0	0	-0.974268734	-0.225387856	0	0	5.19010258	0.0873290151	1
0.987584293	0.15317744	0.0348423794	0	-0.00620122254	-0.183611333	0.982979357	0	0.156967714	-0.970991015	-0.18038179	0	0	6.68325138	0.432754934	1
0.950467825	0.301154882	0.0769155398	0	-0.00786104705	-0.22408931	0.974536896	0	0.310722768	-0.926871419	-0.210622445	0	-0.141455889	7.55828762	0.595311046	1
0.88971734	0.443054736	0.110021412	0	-0.0133978408	-0.215559155	0.976398647	0	0.456314385	-0.870193303	-0.185850859	0	-0.453308702	8.48853016	0.806699514	1
0.806811631	0.574365199	0.138419166	0	-0.0355507247	-0.186665669	0.981780291	0	0.58973819	-0.797032118	-0.130184844	0	-0.710482717	8.97896194	0.911443114	1
0.703829527	0.691791236	0.161396474	0	-0.0479083993	-0.180457622	0.982415259	0	0.708751738	-0.699185371	-0.0938688219	0	-1.02854598	9.40882492	0.981655657	1
0.583354771	0.792387903	0.178377092	0	-0.0610801838	-0.17619732	0.982457578	0	0.809918046	-0.584017336	-0.0543864258	0	-1.40673184	9.78190613	1.03174353	1
0.448409349	0.873632014	0.18893519	0	-0.0747359097	-0.173991576	0.981906831	0	0.890698791	-0.454416662	-0.0127277728	0	-1.8787775	10.1222897	1.06344163	1
-0.154291943	-0.185412124	0.970472097	0	-0.752953529	0.658046186	0.00601270376	0	-0.639730453	-0.729792655	-0.241137967	0	0	4.45491982	-0.143158287	1
-0.154292062	0.185412005	-0.970472097	0	0.75295341	0.658046305	0.0060125757	0	0.639730453	-0.729792535	-0.241137937	0	2.27271197e-08	4.45491982	-0.143158287	1
0.117234699	-0.722433567	-0.71519196	0	-0.595995665	-0.632061064	0.540778756	0	-0.768534243	0.330910146	-0.460239351	0	0.5475142	4.48617983	-0.112005226	1
0.308615655	-0.471354872	-0.854245842	0	-0.523174465	-0.836207092	0.272398353	0	-0.768533945	0.33090955	-0.460239202	0	1.29837132	4.1628809	0.337648124	1
0.502276301	-0.06674885	-0.886721969	0	-0.868501484	0.18178764	-0.505639553	0	0.179198727	0.941366732	0.0306433421	0	2.04922795	3.83958268	0.787301183	1
0.113040909	0.0115197795	-1.01493943	0	-0.9968943	0.193311751	-0.108836636	0	0.179198653	0.941366613	0.0306433234	0	1.84817636	2.78341866	0.752920985	1
0.997502685	-3.70276721e-05	-0.0734479502	0	-0.0271381103	-0.929610193	-0.368095815	0	-0.0682089254	0.368870169	-0.926536977	0	1.64712477	1.72725451	0.718540788	1
-1	5.77189257e-06	0	0	5.77189257e-06	1	0	0	0	0	-1	0	1.68910968	1.5002023	1.28885591	1
-0.426151246	-0.000187468235	0.918640018	0	0.768635631	-0.554650843	0.356463611	0	0.484432161	0.815860033	0.224891484	0	-0.547514081	4.48617983	-0.112005003	1
-0.32150498	-0.0730347484	0.957499206	0	0.817951083	-0.549821615	0.232715592	0	0.484432042	0.815860033	0.224891484	0	-1.02080381	3.68908548	-0.33172375	1
-0.202821568	-0.149509534	0.979283094	0	0.969334245	0.176199153	0.227662414	0	-0.197600529	0.952128708	0.104438297	0	-1.49409342	2.89199114	-0.551442504	1
-0.212291464	-0.151225552	0.977009714	0	0.967304707	0.174728781	0.237227663	0	-0.197600529	0.95212847	0.10443832	0	-1.27239597	1.8237524	-0.668616831	1
0.960658848	-0.273750097	0.0495153964	0	-0.20468758	-0.816099405	-0.540686011	0	0.188325778	0.50901854	-0.839595556	0	-1.05069852	0.755514145	-0.785791159	1
-0.96518445	0.260567218	0.0228838492	0	0.260009021	0.946201384	0.192609072	0	0.0285348855	0.1918533	-0.981008708	0	-1.16661942	0.442196101	-0.268991828	1
0.0625543222	-0.190343648	0.979722857	0	0.135484323	0.974177718	0.180615634	0	-0.988802791	0.121439129	0.0867279246	0	-0.0761189684	8.58010578	0.864646316	1
-0.333134294	-0.986955166	0.0306477062	0	0.979526341	-0.326223701	0.141789526	0	-0.110177018	0.0655042529	0.911846876	0	0.654889226	8.50554466	0.828502119	1
-0.683494031	-0.786242604	-0.0261049494	0	0.776730835	-0.679963291	0.142697141	0	-0.110174552	0.0655020252	0.911826015	0	0.79725951	8.42090034	-0.349782526	1
-1.00343502	-0.240706727	-0.103952758	0	-0.16468133	0.258631408	0.990766287	0	-0.182889506	0.874079704	-0.258570522	0	0.939626575	8.33625889	-1.52804017	1
-1.0091871	-0.158095643	0.179377317	0	0.124677248	0.315968245	0.97992301	0	-0.182889625	0.874079585	-0.258570492	0	1.22112834	6.99088383	-1.1300509	1
-0.909676909	-0.0114873415	0.415157437	0	0.375606894	0.403792828	0.83418864	0	-0.177220196	0.914778352	-0.363006383	0	1.50263047	5.64550829	-0.732061505	1
0.0847480893	0.237016246	-0.967802286	0	-0.693407834	0.711544156	0.113538325	0	0.715543985	0.661459208	0.224650517	0	-0.818514884	8.34487915	0.804568529	1
-0.794671059	0.595351756	0.304221898	0	-0.218873337	-0.678171635	0.755429804	0	0.564035892	0.458865881	0.575357556	0	-1.36030865	7.86703396	0.665425062	1
-0.813374579	0.520276964	0.382431895	0	-0.133582681	-0.737353921	0.719017148	0	0.564022958	0.458855391	0.575344443	0	-2.08915353	7.27408934	-0.0780496001	1
-0.819397926	0.417423546	0.47036615	0	0.588321686	0.235864639	0.815564215	0	0.201614738	0.830202162	-0.385536373	0	-2.81798148	6.68115854	-0.821507156	1
-0.992773354	0.275396913	0.0738647133	0	0.178704038	0.392467678	0.938580215	0	0.201614663	0.83020252	-0.385536551	0	-3.12830496	5.40331936	-0.228093147	1
-0.961629033	-0.0900047421	-0.259168744	0	-0.27428326	0.336596787	0.900816917	0	0.0061576115	0.937337518	-0.348368108	0	-3.43862844	4.12547922	0.365321219	1
1	0	0	0	0	1	0	0	0	0	1	0	0	0	0	1
0.999999881	8.28637923e-08	-2.23555404e-07	0	2.38418608e-07	-0.347555906	0.937659025	0	0	-0.937659264	-0.347555995	0	0	4.46129417	-0.161804646	1
1	6.5544441e-08	-2.29232143e-07	0	2.38418693e-07	-0.274913311	0.961468935	0	0	-0.961468756	-0.274913281	0	0	5.18372869	0.105975419	1
0.980303884	0.190180987	0.0532590784	0	-0.00815782789	-0.230447233	0.973051071	0	0.19732894	-0.954318821	-0.224356517	0	0	6.65726089	0.527303219	1
0.921703756	0.37082392	0.113805935	0	-0.0111442348	-0.267958343	0.963366449	0	0.38773489	-0.889207602	-0.242845863	0	-0.17782855	7.517272	0.729488432	1
0.826753378	0.539205253	0.160426944	0	-0.0195325967	-0.257485986	0.966085255	0	0.562225997	-0.801847756	-0.202345297	0	-0.566973567	8.40971375	0.973217487	1
0.699156404	0.687116325	0.197619081	0	-0.0484413542	-0.230243117	0.971927822	0	0.713326514	-0.6891011	-0.127690852	0	-0.883838296	8.86162663	1.08725715	1
0.543992758	0.808666766	0.22390148	0	-0.0651679188	-0.225315645	0.972105086	0	0.836557209	-0.54340905	-0.0698709041	0	-1.26855648	9.23327923	1.15612459	1
0.367435277	0.89902252	0.238228634	0	-0.0824992135	-0.223631412	0.971177876	0	0.92638427	-0.376497954	-0.00800140295	0	-1.71493852	9.52323914	1.1934073	1
0.176512182	0.954584599	0.240029842	0	-0.0997458622	-0.225256816	0.969182372	0	0.97923255	-0.195014015	0.0554551594	0	-2.25486445	9.74267387	1.19807076	1
-0.154291943	-0.234795764	0.959721148	0	-0.752953529	0.656877875	0.0396547131	0	-0.639730453	-0.716507077	-0.278141201	0	0	4.46129417	-0.161804631	1
-0.154292062	0.2347956	-0.959721148	0	0.75295341	0.656877935	0.0396545865	0	0.639730453	-0.716506958	-0.278141171	0	2.27271197e-08	4.46129417	-0.161804631	1
0.282790571	-0.822560132	-0.540584743	0	-0.619799554	-0.585743487	0.567062974	0	-0.711899579	0.158813313	-0.614060879	0	0.547514081	4.49092054	-0.129093722	1
0.511974871	-0.510225952	-0.725506723	0	-0.44944787	-0.871421874	0.295684665	0	-0.7118994	0.158813193	-0.61406076	0	1.24303913	4.33576012	0.470843136	1
