36	10	MATRIX4
1	0	0	0	0	1	0	0	0	0	1	0	0	0	0	1
1	2.70953535e-08	-2.36873987e-07	0	2.38418636e-07	-0.113646246	0.993521273	0	0	-0.993521273	-0.113646246	0	0	4.43977356	-0.0716948509	1
1.00000012	0	-2.38251701e-07	0	2.38418721e-07	-0.0374197774	0.999299705	0	0	-0.999299407	-0.0374197662	0	0	5.20524788	0.0158657134	1
0.999985576	-0.00062031165	-0.00187872979	0	0.0018611952	-0.0271397736	0.999591231	0	-0.00067108043	-0.999630928	-0.0271396022	0	0	6.73675871	0.0732146651	1
0.999992788	-0.000569706201	-0.0037461305	0	0.0036883594	-0.0802207515	0.996770322	0	-0.000868384144	-0.996777534	-0.0802181214	0	0.000604763103	7.63760424	0.0976722836	1
0.999993205	-0.00260174577	-0.0026133731	0	0.00243666233	-0.065750964	0.997833014	0	-0.00276794191	-0.997833371	-0.0657442287	0	0.00147630542	8.63800716	0.178182155	1
0.99998951	-0.0042294357	-0.00167290692	0	0.00155372208	-0.0280287433	0.999605834	0	-0.00427466072	-0.999598503	-0.0280218907	0	0.00303628854	9.20037556	0.21523492	1
0.999993682	-0.00207458902	-0.00291159283	0	0.00281255017	-0.0462952927	0.998924077	0	-0.00220714975	-0.998925924	-0.0462891646	0	0.00534173986	9.7394886	0.230347961	1
0.999991655	-0.00339862239	-0.00215662131	0	0.00203623669	-0.035096202	0.999381959	0	-0.00347221782	-0.999379992	-0.0350890607	0	0.00651946198	10.2725096	0.25504759	1
0.999992609	-0.00339867338	-0.00215662201	0	0.00212274236	-0.0100203929	0.999948561	0	-0.00342010753	-0.999945283	-0.0100131007	0	0.00854317937	10.8549795	0.275498599	1
-0.154291943	0.00112040853	0.988024533	0	-0.752953529	0.647350073	-0.118316844	0	-0.639730453	-0.762191892	-0.0990372375	0	0	4.43977356	-0.0716948509	1
-0.154292062	-0.0011205558	-0.988024533	0	0.75295341	0.647350132	-0.118317001	0	0.639730453	-0.762191832	-0.0990372151	0	2.27271197e-08	4.43977356	-0.0716948509	1
-0.46250701	-0.0792519078	-0.880254984	0	-0.877732813	-0.0751285031	0.467956483	0	-0.104249768	0.998941958	-0.0351623185	0	0.5475142	4.47635317	-0.0470028333	1
-0.464127809	-0.0793905556	-0.879389107	0	-0.876879156	-0.0749823451	0.469577789	0	-0.104249746	0.998941839	-0.0351622961	0	0.64936614	3.50038791	-0.0126492865	1
-0.468818009	-0.0335691571	-0.884836733	0	-0.88536638	0.0333016962	0.467835873	0	0.0136562651	0.995051682	-0.0449860878	0	0.751218021	2.52442312	0.0217042305	1
-0.470579982	-0.0335028619	-0.883903325	0	-0.884431422	0.0333684161	0.469596386	0	0.0136561897	0.995051563	-0.0449861437	0	0.735896409	1.40802741	0.0721762553	1
0.997194529	3.51015442e-05	-0.0736072138	0	-0.0271968525	-0.928974628	-0.368892223	0	-0.0684175119	0.36999613	-0.926710427	0	0.720574856	0.291631579	0.122648358	1
-1	5.77189257e-06	0	0	5.77189257e-06	1	0	0	0	0	-1	0	0.76268816	0.0638863295	0.693070233	1
-0.465276957	0.0658736676	0.883253515	0	0.88042295	-0.0743663087	0.46934405	0	0.0964167714	0.994104624	-0.0233509634	0	-0.5475142	4.47635221	-0.04700277	1
-0.466561466	0.0659821704	0.882567942	0	0.879745483	-0.0742704347	0.470628053	0	0.0964167714	0.994104564	-0.0233509801	0	-0.641713262	3.50511312	-0.0241889041	1
-0.467875272	0.0455935113	0.882156491	0	0.883307397	0.0318639204	0.466839075	0	-0.00683525251	0.999264121	-0.0552713796	0	-0.735912323	2.53387403	-0.00137502141	1
-0.469550252	0.0455329753	0.881269097	0	0.882418275	0.0319503695	0.468511999	0	-0.00683525065	0.999263823	-0.0552713685	0	-0.72824353	1.41275191	0.06063658	1
0.997194767	-3.54206059e-05	0.073607184	0	0.0271965284	-0.928975046	-0.368891954	0	0.0684175491	0.369995445	-0.926710069	0	-0.720574737	0.291630268	0.122648165	1
-0.99999994	0.000354327989	0	0	0.000354327989	0.99999994	0	0	0	0	-1	0	-0.762688041	0.0638856143	0.693069398	1
0.0811747611	-0.0695628598	0.994269729	0	0.436661839	0.899212897	0.0272617694	0	-0.895956159	0.431946546	0.103368655	0	0.392120034	8.6150856	0.207983762	1
-0.924663782	-0.474974483	-0.0115559911	0	0.264022112	-0.534707665	0.85153836	0	-0.351575673	0.671524167	0.530678153	0	1.06132793	8.31377029	0.156917408	1
-0.960734487	-0.337435067	-0.209496394	0	0.041486863	-0.630604863	0.825456679	0	-0.351567656	0.671508551	0.530666232	0	1.51563251	7.44602966	-0.528822601	1
-0.92512393	-0.135408685	-0.44155103	0	-0.43847248	0.568019271	0.744481623	0	0.131222621	0.771890759	-0.511646211	0	1.96992671	6.57830906	-1.21454716	1
-1.00059557	-0.00269322935	-0.260687232	0	-0.216611221	0.583929777	0.825386107	0	0.131222621	0.771890759	-0.511646271	0	1.76795018	5.39022255	-0.427026331	1
-0.898226619	0.415822119	-0.142410189	0	-0.13225916	0.0532830916	0.989781976	0	0.419161201	0.907883704	0.00713596959	0	1.56597352	4.20213509	0.36049509	1
0.0738029629	0.0694746003	-0.994850039	0	-0.435420394	0.899709821	0.0305285249	0	0.897196889	0.430924863	0.0966516063	0	-0.38895902	8.61553097	0.210909605	1
-0.949172318	0.416537613	0.0365707316	0	-0.187619984	-0.505333006	0.88611871	0	0.334908068	0.72084409	0.481991589	0	-1.0588733	8.31497765	0.164859399	1
-0.96738869	0.300108403	0.223353744	0	0.0175928362	-0.582073092	0.858297408	0	0.33490026	0.720827997	0.481980622	0	-1.49164009	7.38350582	-0.457968175	1
-0.926651776	0.142746955	0.430392176	0	0.444625199	0.478248656	0.79867667	0	-0.0810659602	0.82231307	-0.44727248	0	-1.92439675	6.45205498	-1.08078146	1
-0.984133899	0.06728708	0.302077115	0	0.296404362	0.494541109	0.855494559	0	-0.0810659677	0.82231307	-0.447272658	0	-1.79962075	5.18635845	-0.392343819	1
-0.927800775	-0.341776669	0.149579167	0	0.281291008	-0.37748158	0.882260084	0	-0.24507241	0.86063695	0.446366549	0	-1.67484474	3.92066169	0.296094179	1
1	0	0	0	0	1	0	0	0	0	1	0	0	0	0	1
0.999999881	5.28558814e-08	-2.32485888e-07	0	2.38418608e-07	-0.221693695	0.975116253	0	0	-0.975116551	-0.221693769	0	0	4.44686413	-0.113318384	1
1	3.4942012e-08	-2.35844254e-07	0	2.38418693e-07	-0.14655748	0.989202082	0	0	-0.989201903	-0.14655745	0	0	5.19815826	0.0574891269	1
0.999972105	-0.00152336236	-0.00728953397	0	0.00686926348	-0.189337939	0.981887579	0	-0.00287595834	-0.981911123	-0.189322367	0	0	6.71419382	0.282100797	1
0.999900341	-0.000203564967	-0.0141334366	0	0.0136668654	-0.241252139	0.970366538	0	-0.00360725331	-0.97046268	-0.241225243	0	0.00259175105	7.59907055	0.452713996	1
0.999905705	-0.0082903225	-0.0110110566	0	0.00932412781	-0.181477308	0.983351946	0	-0.0101505481	-0.983360469	-0.181382626	0	0.00621212367	8.5730629	0.69481653	1
0.999859631	-0.0146613615	-0.00811880827	0	0.00650649285	-0.10685423	0.994253993	0	-0.0154446596	-0.994168103	-0.106743917	0	0.0119328666	9.12727451	0.797041893	1
0.999910891	-0.00619217288	-0.011878537	0	0.0106172701	-0.174354628	0.984626949	0	-0.00816804264	-0.984663427	-0.174272999	0	0.0202626288	9.66345882	0.854612052	1
0.99988848	-0.011403502	-0.00964728929	0	0.00804371201	-0.133145198	0.991064429	0	-0.0125861	-0.991031826	-0.133038655	0	0.0246210489	10.1888695	0.947603106	1
0.999888361	-0.0114034824	-0.00964741129	0	0.00918798707	-0.0396822989	0.999170423	0	-0.0117768617	-0.99914825	-0.0395731181	0	0.0319566242	10.7664738	1.02514219	1
-0.154291943	-0.107014783	0.982212603	0	-0.752953529	0.656410217	-0.0467607714	0	-0.639730453	-0.746775329	-0.181855991	0	0	4.44686413	-0.113318376	1
-0.154292062	0.107014656	-0.982212663	0	0.75295341	0.656410336	-0.0467609167	0	0.639730453	-0.74677515	-0.181855962	0	2.27271197e-08	4.44686413	-0.113318376	1
-0.441951364	-0.150096327	-0.871967077	0	-0.87646085	-0.0591346286	0.4544186	0	-0.125173822	1.00861847	-0.110175237	0	0.54751426	4.48052073	-0.0847714841	1
-0.447626919	-0.150476724	-0.869001746	0	-0.873577833	-0.0581605062	0.460060388	0	-0.125173733	1.00861824	-0.1101752	0	0.669808924	3.49510145	0.0228696018	1
-0.465057701	0.0181827769	-0.891520858	0	-0.891115844	0.0270999912	0.465399444	0	0.031890031	0.988189876	0.00351907173	0	0.792103529	2.50968266	0.130510628	1
-0.472602665	0.0184120703	-0.887539208	0	-0.887137353	0.0269447379	0.472947985	0	0.0318900421	0.988189816	0.00351905683	0	0.756324589	1.4009856	0.126562417	1
0.996967494	5.1046467e-05	-0.0736305863	0	-0.0272570197	-0.928407013	-0.36970678	0	-0.0684648529	0.371063232	-0.92676568	0	0.72054565	0.292288184	0.12261422	1
-1	5.77189257e-06	0	0	5.77189257e-06	1	0	0	0	0	-1	0	0.7626881	0.063886106	0.693070114	1
-0.453101009	0.103079706	0.886660457	0	0.887395382	-0.0554850474	0.459938884	0	0.0962036923	0.991064787	-0.0660553649	0	-0.5475142	4.48052073	-0.084771432	1
-0.457719803	0.10336753	0.884251654	0	0.885024369	-0.0549476817	0.464548588	0	0.0962037221	0.991064847	-0.0660553724	0	-0.641505122	3.51225138	-0.0202354118	1
-0.462698311	0.0276654474	0.883774042	0	0.884182096	0.0219467208	0.462225229	0	-0.00666264631	1.00347626	-0.034900777	0	-0.735496044	2.54398203	0.0443006158	1
-0.469778448	0.0274884477	0.880035996	0	0.880440474	0.0221679527	0.469302386	0	-0.00666257087	1.0034759	-0.0349007584	0	-0.728020906	1.41813409	0.0834574699	1
0.996968031	-5.13048981e-05	0.0736304149	0	0.0272566862	-0.928407788	-0.369706392	0	0.0684647039	0.37106216	-0.926764905	0	-0.720545828	0.292286634	0.122614294	1
-0.99999994	0.000354327989	0	0	0.000354327989	0.99999994	0	0	0	0	-1	0	-0.76268816	0.0638853908	0.69306922	1
0.0911442637	-0.2303489	0.968830645	0	0.438650787	0.882699907	0.168603301	0	-0.894023895	0.409610957	0.181495517	0	0.397093683	8.54550266	0.716451347	1
-0.943771601	-0.373715132	-0.213953257	0	0.0193739142	-0.551738441	0.87826705	0	-0.38534981	0.712156951	0.455886513	0	1.06516528	8.2563343	0.610146999	1
-0.929647982	-0.259722799	-0.380086482	0	-0.163872167	-0.613703489	0.820171654	0	-0.385341048	0.712140858	0.455876082	0	1.56311262	7.33608818	0.0210524201	1
-0.86169529	-0.109805837	-0.556839943	0	-0.539731503	0.47165361	0.742212951	0	0.159806386	0.829402387	-0.410849899	0	2.06104851	6.41586304	-0.568028629	1
-0.959229648	-0.00348871457	-0.380149961	0	-0.337206334	0.48425445	0.846426308	0	0.159806371	0.829402626	-0.410849929	0	1.81507611	5.13925505	0.0643475056	1
-0.926394999	0.300562948	-0.226834804	0	-0.202320397	0.110758156	0.973035991	0	0.31758222	0.947309077	-0.0417958647	0	1.5691036	3.86264586	0.696724057	1
0.0638191104	0.230317354	-0.971020758	0	-0.433350682	0.882877409	0.180928692	0	0.898963094	0.409245729	0.156152278	0	-0.38391301	8.54566193	0.727490544	1
-0.952927113	0.313592941	0.250363857	0	0.0655853599	-0.514723897	0.894343615	0	0.358130217	0.760013759	0.41114974	0	-1.05483997	8.25676727	0.64011234	1
-0.926425517	0.21788092	0.404204011	0	0.232655004	-0.561976194	0.836164653	0	0.358121902	0.759996295	0.411140352	0	-1.51761436	7.27468061	0.108826339	1
-0.856465757	0.100108117	0.56097132	0	0.553881466	0.384197116	0.777079105	0	-0.122987777	0.871747673	-0.34333992	0	-1.98037791	6.29261684	-0.422447383	1
-0.931377113	0.0399084836	0.434957266	0	0.415757954	0.395014465	0.854021907	0	-0.122987889	0.87174803	-0.343340009	0	-1.7910763	4.95083094	0.106018186	1
-0.925468564	-0.257214218	0.278115809	0	0.351845652	-0.31153211	0.882695973	0	-0.140399873	0.914761245	0.378812969	0	-1.60177445	3.60904431	0.634483993	1
1	0	0	0	0	1	0	0	0	0	1	0	0	0	0	1
1	9.11483156e-08	-2.20307641e-07	0	2.38418636e-07	-0.382303774	0.92403686	0	0	-0.924036801	-0.382303715	0	0	4.46654224	-0.175190717	1
1.00000024	7.40528634e-08	-2.26626753e-07	0	2.3841875e-07	-0.310600221	0.950541079	0	0	-0.950540185	-0.310599923	0	0	5.1784811	0.119361281	1
0.999875665	-0.000496434746	-0.0157673843	0	0.0140607469	-0.425104201	0.905035198	0	-0.00715207029	-0.905143976	-0.425044239	0	0	6.6352644	0.595381856	1
0.999564648	0.00569617003	-0.0289494433	0	0.0282040723	-0.472562581	0.880846024	0	-0.00866297446	-0.881278992	-0.47251749	0	0.00644529006	7.45096064	0.978422463	1
0.999583542	-0.0121599762	-0.0261679776	0	0.0201726072	-0.353952527	0.935046077	0	-0.0206323732	-0.935185134	-0.35356009	0	0.0151397698	8.33544445	1.45265841	1
0.999411345	-0.0261788983	-0.0222126842	0	0.0156486481	-0.2285299	0.973411977	0	-0.0305590443	-0.973184288	-0.227985173	0	0.0267679598	8.86250496	1.65192115	1
0.999604285	-0.00748810684	-0.0271327086	0	0.0225405768	-0.364370286	0.930982113	0	-0.0168576278	-0.931224287	-0.364056915	0	0.0432493612	9.38737202	1.77488029	1
0.999521852	-0.018970985	-0.0244495478	0	0.0181051847	-0.282258421	0.959168375	0	-0.0250974149	-0.959150553	-0.281779468	0	0.0522444919	9.88426781	1.96913898	1
0.999521315	-0.0189708937	-0.0244495254	0	0.022662824	-0.0892752707	0.995749354	0	-0.0210730042	-0.995827198	-0.0888026357	0	0.0668720528	10.4432907	2.13336897	1
-0.154291943	-0.270445228	0.950291336	0	-0.752953529	0.654940724	0.0641391799	0	-0.639730453	-0.705628991	-0.304684758	0	0	4.46654224	-0.175190702	1
-0.154292062	0.270445108	-0.950291336	0	0.75295341	0.654940784	0.0641390607	0	0.639730453	-0.705628872	-0.304684728	0	2.27271197e-08	4.46654224	-0.175190702	1
-0.411849231	-0.245592818	-0.845541537	0	-0.869923949	-0.0306276251	0.432632148	0	-0.148017064	1.02346039	-0.225173816	0	0.547514141	4.49492741	-0.141397104	1
-0.421415865	-0.245916039	-0.840720356	0	-0.865332305	-0.0279189628	0.441924781	0	-0.148017123	1.02346015	-0.225174189	0	0.692126632	3.49500775	0.0785974711	1
-0.456673652	0.0953834355	-0.892389894	0	-0.895914137	0.0105374632	0.459603608	0	0.0517811589	0.981696546	0.0784304067	0	0.836739182	2.49508858	0.298592359	1
-0.474894613	0.0955792293	-0.882807195	0	-0.886390686	0.00858517829	0.477751791	0	0.051781252	0.981696427	0.0784306526	0	0.778643429	1.39367664	0.210597575	1
0.9969666	4.93249681e-05	-0.073626183	0	-0.0272540338	-0.928421855	-0.369666398	0	-0.0684615672	0.371024132	-0.926784396	0	0.720547557	0.292264581	0.122602478	1
-1	5.77189257e-06	0	0	5.77189257e-06	1	0	0	0	0	-1	0	0.762687981	0.063886568	0.693069875	1
-0.436139464	0.157883152	0.885282397	0	0.894944489	-0.0199137852	0.444463104	0	0.0880014151	0.988359809	-0.132911801	0	-0.5475142	4.49492693	-0.141396955	1
-0.444397509	0.158060685	0.881134331	0	0.890875041	-0.0184536595	0.452626765	0	0.0880014449	0.988359571	-0.132911801	0	-0.633491516	3.52930045	-0.0115422606	1
-0.454678535	0.00188527361	0.883826256	0	0.883828104	0.000439038675	0.454678804	0	0.000480736286	1.01226175	-0.00191193761	0	-0.719468832	2.56367421	0.118312433	1
-0.471645445	0.00187655631	0.874889016	0	0.874891222	0.000475326786	0.471645802	0	0.000480791001	1.01226139	-0.001912017	0	-0.720008194	1.42796946	0.12045753	1
0.996966183	-4.96810717e-05	0.0736261979	0	0.0272539165	-0.928420424	-0.369668871	0	0.0684616938	0.371026903	-0.926783919	0	-0.720547616	0.292265177	0.122602716	1
-0.99999994	0.000354327989	0	0	0.000354327989	0.99999994	0	0	0	0	-1	0	-0.7626881	0.0638856292	0.693069398	1
0.105663985	-0.461429149	0.880862713	0	0.442418724	0.815134466	0.373927623	0	-0.890562236	0.350199312	0.290275097	0	0.40626809	8.30435276	1.46090126	1
-0.869500756	-0.24095279	-0.503453195	0	-0.315688401	-0.556276023	0.811450958	0	-0.417295277	0.758543253	0.357660741	0	1.07222605	8.05184555	1.27656806	1
-0.816681981	-0.160610959	-0.612220407	0	-0.434442997	-0.584563076	0.732887685	0	-0.417285889	0.758525848	0.357652694	0	1.61145318	7.07165909	0.814400434	1
-0.733773947	-0.0655676499	-0.717062712	0	-0.690651	0.353661597	0.674408317	0	0.187439829	0.886361718	-0.272856385	0	2.15066814	6.09149551	0.352243215	1
-0.868781626	0.0145767657	-0.549461067	0	-0.510530114	0.359392643	0.816760242	0	0.187439784	0.886361718	-0.272856385	0	1.86216259	4.72721624	0.772221088	1
-0.933267355	0.0973764658	-0.345730275	0	-0.324676722	0.182945877	0.927963257	0	0.1536116	0.978288412	-0.139121607	0	1.57365692	3.36293602	1.19219923	1
0.0492473692	0.462311834	-0.885349035	0	-0.429290086	0.810167015	0.399173945	0	0.901823044	0.360413194	0.238364279	0	-0.374476522	8.29990387	1.48351312	1
-0.854578912	0.17607592	0.547598541	0	0.40680474	-0.508323193	0.798304021	0	0.372013569	0.803650618	0.322154671	0	-1.04706752	8.03977013	1.33794689	1
-0.795260191	0.109330542	0.645602643	0	0.513201475	-0.526733577	0.721367478	0	0.372004896	0.8036322	0.32214728	0	-1.52778196	7.00129604	0.921659946	1
-0.712138891	0.0342463963	0.736925185	0	0.715390921	0.282153845	0.678217113	0	-0.167090669	0.913865387	-0.203939795	0	-2.00848508	5.9628458	0.505382657	1
-0.81762743	-0.0114355423	0.618649721	0	0.591955364	0.283994228	0.787596941	0	-0.167090625	0.913865566	-0.20393984	0	-1.75130069	4.55623245	0.819284916	1
-0.878894985	-0.0921281278	0.468034029	0	0.47650674	-0.214847431	0.852514923	0	0.022015363	0.972292602	0.232727975	0	-1.49411631	3.14961886	1.13318729	1
1	0	0	0	0	1	0	0	0	0	1	0	0	0	0	1
0.999999821	1.35820699e-07	-1.95949383e-07	0	2.38418579e-07	-0.56967324	0.821871042	0	0	-0.821871459	-0.569673538	0	0	4.50589943	-0.247371763	1
1.00000012	1.19362952e-07	-2.06391761e-07	0	2.38418721e-07	-0.505227029	0.862986565	0	0	-0.862986326	-0.505226851	0	0	5.13912344	0.191542298	1
0.99965322	0.00500403112	-0.0258536376	0	0.0223177206	-0.682108521	0.730910242	0	-0.013977482	-0.731233478	-0.681983411	0	0	6.46172285	0.965845108	1
0.998834252	0.0212998465	-0.0433094874	0	0.0453875251	-0.71968621	0.692813873	0	-0.0164124295	-0.693972707	-0.719814777	0	0.0125962049	7.12069464	1.58043373	1
0.998876393	-0.00804150291	-0.0466904715	0	0.0343764201	-0.555138767	0.831046283	0	-0.0326026082	-0.831719041	-0.554239571	0	0.0290683229	7.81719112	2.30286646	1
0.998494625	-0.0317407846	-0.0447271951	0	0.0293585714	-0.379506975	0.924722433	0	-0.0463257097	-0.924643755	-0.378003895	0	0.0474428125	8.28593922	2.61523008	1
0.998921812	-0.000185331824	-0.0464200303	0	0.0376069956	-0.582998157	0.811601698	0	-0.027213227	-0.812472999	-0.582363009	0	0.0724276453	8.78462696	2.81909871	1
0.998740137	-0.0194249637	-0.0462720469	0	0.0320586264	-0.462420672	0.886080205	0	-0.0386092328	-0.88644743	-0.461215407	0	0.0869484693	9.21815777	3.12984419	1
0.998740017	-0.019424852	-0.0462720357	0	0.0426732786	-0.156485438	0.986757338	0	-0.0264085159	-0.987488747	-0.155459359	0	0.109451145	9.73480701	3.39865494	1
-0.154291943	-0.465933442	0.871263385	0	-0.752953529	0.626415789	0.201653674	0	-0.639730453	-0.624907255	-0.447477162	0	0	4.50589943	-0.247371748	1
-0.154292062	0.465933353	-0.871263444	0	0.75295341	0.626415968	0.20165357	0	0.639730453	-0.624907196	-0.447477102	0	2.27271197e-08	4.50589943	-0.247371748	1
-0.378247291	-0.342204034	-0.796452165	0	-0.854517639	0.00112560927	0.405350387	0	-0.172237962	1.04218709	-0.365988225	0	0.54751426	4.52646685	-0.208324492	1
-0.388959885	-0.342163324	-0.79129374	0	-0.849697113	0.00542569719	0.415326655	0	-0.172238037	1.04218662	-0.365988404	0	0.71579057	3.50825119	0.14924562	1
-0.442604363	0.186567739	-0.878819585	0	-0.895417511	-0.011782269	0.448462516	0	0.0728718713	0.979457378	0.171231642	0	0.884066939	2.49003625	0.506815791	1
-0.474265903	0.186028808	-0.862262487	0	-0.879058599	-0.0184303727	0.479528129	0	0.0728718713	0.979457319	0.171231687	0	0.802308559	1.39113653	0.314702898	1
0.996966362	4.72094507e-05	-0.0736208409	0	-0.027250642	-0.928439498	-0.369620502	0	-0.068457298	0.370978832	-0.926804245	0	0.72055012	0.292236567	0.122589886	1
-1	5.77189257e-06	0	0	5.77189257e-06	1	0	0	0	0	-1	0	0.762687922	0.0638864338	0.693069518	1
-0.418120086	0.221325383	0.873485327	0	0.898102582	0.0240832884	0.423813522	0	0.0747261122	0.987612665	-0.214473262	0	-0.5475142	4.52646732	-0.208324477	1
-0.428318769	0.22103776	0.86860317	0	0.89328599	0.0266008303	0.43372643	0	0.0747261718	0.987612367	-0.214474246	0	-0.620521545	3.56157088	0.00121566653	1
-0.444423795	-0.0284625534	0.880128324	0	0.880512536	-0.0273019709	0.443735003	0	0.0120421099	1.02698183	0.0392923579	0	-0.69352895	2.59667468	0.210756779	1
-0.473730773	-0.0275297966	0.864737034	0	0.865097821	-0.0282419827	0.473029286	0	0.012042189	1.02698159	0.0392921232	0	-0.707039595	1.44445467	0.166672811	1
0.996966481	-4.74979606e-05	0.0736207291	0	0.0272503681	-0.928439498	-0.369620889	0	0.0684572533	0.370978922	-0.926803827	0	-0.720550299	0.292235136	0.122589111	1
-0.99999994	0.000354327989	0	0	0.000354327989	0.99999994	0	0	0	0	-1	0	-0.762688041	0.0638851225	0.693068027	1
0.122819543	-0.708552241	0.694887698	0	0.448321134	0.664285243	0.598108113	0	-0.885394335	0.238073662	0.399246126	0	0.420322299	7.78780985	2.29432368	1
-0.644278526	-0.10989815	-0.796852231	0	-0.636818647	-0.554052413	0.591298223	0	-0.448946327	0.787491202	0.254379213	0	1.08301973	7.60866165	2.02979398	1
-0.588021636	-0.0625676736	-0.844088793	0	-0.689116836	-0.561377168	0.521674275	0	-0.448936135	0.78747344	0.254373431	0	1.66314626	6.59106922	1.70108628	1
-0.518942535	-0.0100480039	-0.88476187	0	-0.853641331	0.27556619	0.497559667	0	0.215701312	0.915400505	-0.136912018	0	2.24325943	5.57349968	1.3723861	1
-0.710434973	0.0570666566	-0.737720966	0	-0.702344775	0.269779891	0.697235882	0	0.215701371	0.915400863	-0.136912122	0	1.91125405	4.16452408	1.58311975	1
-0.867561877	-0.188442543	-0.460244894	0	-0.49476403	0.233168274	0.837162495	0	-0.0504426286	0.954003036	-0.295522571	0	1.57924843	2.75554705	1.79385364	1
0.0319786444	0.711853147	-0.701599598	0	-0.422750711	0.645710111	0.635877609	0	0.905681312	0.276267469	0.321585268	0	-0.359851837	7.77117348	2.32815194	1
-0.604797959	0.0477192253	0.830714643	0	0.712189317	-0.501384377	0.547306716	0	0.395317137	0.824025691	0.240473837	0	-1.03472555	7.56350183	2.12161875	1
-0.543714404	0.00601187069	0.873216629	0	0.759860814	-0.503619909	0.476599663	0	0.395308137	0.824006915	0.240468293	0	-1.54555273	6.49869919	1.81087947	1
-0.471675694	-0.0387553759	0.908195555	0	0.876275599	0.252769351	0.465884119	0	-0.2251129	0.92326808	-0.0775148943	0	-2.05636811	5.43392086	1.50014734	1
-0.616723835	-0.0820752755	0.813456833	0	0.781016111	0.242193848	0.616565764	0	-0.225112945	0.923268199	-0.0775149092	0	-1.70987642	4.0128355	1.61945748	1
-0.732980072	0.166458353	0.659569085	0	0.649062455	-0.119079605	0.751357198	0	0.203610986	0.97883153	-0.020758871	0	-1.3633846	2.59174967	1.73876774	1
1	0	0	0	0	1	0	0	0	0	1	0	0	0	0	1
0.999999881	1.78330197e-07	-1.58245953e-07	0	2.38418608e-07	-0.747970879	0.663731337	0	0	-0.663731515	-0.747971117	0	0	4.56681967	-0.316057801	1
1.00000012	1.65720891e-07	-1.71406114e-07	0	2.38418721e-07	-0.695083559	0.718928993	0	0	-0.718928754	-0.69508338	0	0	5.07820225	0.260228515	1
0.999263048	0.0164207052	-0.0346963145	0	0.0304519646	-0.889410853	0.456093669	0	-0.0233698767	-0.456813782	-0.889254749	0	0	6.18002129	1.32550251	1
0.997641444	0.0467649698	-0.0502416044	0	0.063204065	-0.911351204	0.406748384	0	-0.0267661959	-0.408964843	-0.912158191	0	0.0210604239	6.59169197	2.12687969	1
0.997708201	0.00831812527	-0.0671472624	0	0.050954897	-0.745292544	0.664787948	0	-0.0445146263	-0.666686893	-0.744009435	0	0.0479239635	7.00214434	3.0423553	1
0.997113824	-0.025186507	-0.0716194212	0	0.0468866564	-0.537663281	0.841855288	0	-0.0597106107	-0.842784822	-0.534931421	0	0.0730119422	7.377882	3.46167135	1
0.997779191	0.0190745313	-0.0638215542	0	0.0545934252	-0.7831375	0.61944896	0	-0.0381653421	-0.621557355	-0.782439411	0	0.105215646	7.83242083	3.75017571	1
0.99749583	-0.00748238061	-0.0703251436	0	0.0490578897	-0.643042922	0.764257789	0	-0.0509405993	-0.765794694	-0.641066134	0	0.125580445	8.16408062	4.16768074	1
0.99749577	-0.00748242997	-0.070325166	0	0.0666442066	-0.233332902	0.970110774	0	-0.0236679912	-0.972369373	-0.232250199	0	0.155270234	8.61040974	4.54131413	1
-0.154291943	-0.658864617	0.736268461	0	-0.752953529	0.560909748	0.344152927	0	-0.639730453	-0.501275957	-0.582638264	0	0	4.56681967	-0.316057771	1
-0.154292062	0.658864498	-0.73626852	0	0.75295341	0.560909927	0.344152868	0	0.639730453	-0.501275837	-0.582638204	0	2.27271197e-08	4.56681967	-0.316057771	1
-0.341178745	-0.42078042	-0.735254109	0	-0.83260572	0.0203547627	0.374714404	0	-0.205140769	1.0637809	-0.513602793	0	0.547514141	4.57756281	-0.273252606	1
-0.352380514	-0.420429409	-0.730052352	0	-0.827841878	0.02606076	0.384629905	0	-0.20514074	1.06378055	-0.513602912	0	0.747936487	3.53824997	0.228536785	1
-0.420608759	0.277396679	-0.849524081	0	-0.888296306	-0.0269970968	0.430990189	0	0.10152407	0.983404636	0.270847261	0	0.948358715	2.49893761	0.730326176	1
-0.464710712	0.275689811	-0.826794505	0	-0.866039813	-0.0409011692	0.473130971	0	0.101524122	0.983404458	0.27084744	0	0.83445406	1.39560938	0.426449805	1
0.996940136	4.70292362e-05	-0.0736184567	0	-0.0272538159	-0.92839396	-0.369663537	0	-0.0684588552	0.371051222	-0.926831901	0	0.720549285	0.292280912	0.122573137	1
-1	5.77189257e-06	0	0	5.77189257e-06	1	0	0	0	0	-1	0	0.762688041	0.0638862252	0.693069816	1
-0.39727971	0.28282553	0.853317797	0	0.896635711	0.057584092	0.398373216	0	0.0680874363	0.989580691	-0.296289295	0	-0.5475142	4.57756329	-0.273252666	1
-0.409011602	0.282018632	0.847924292	0	0.891250193	0.0613091737	0.409576207	0	0.0680875406	0.98958075	-0.296290159	0	-0.614035547	3.610744	0.0162216425	1
-0.431411088	-0.060610041	0.87256819	0	0.874514341	-0.0482799783	0.429019749	0	0.0178229492	1.04801941	0.0816091597	0	-0.680557013	2.64392471	0.305696815	1
-0.471731544	-0.0582930148	0.85160768	0	0.853440166	-0.0510547645	0.46925202	0	0.0178227816	1.04801905	0.0816100612	0	-0.700553417	1.46810162	0.214135602	1
0.996940553	-4.72095344e-05	0.0736180842	0	0.027253503	-0.928394496	-0.369663388	0	0.0684585124	0.371050596	-0.926831424	0	-0.720549643	0.292279124	0.122573383	1
-0.99999994	0.000354327989	0	0	0.000354327989	0.99999994	0	0	0	0	-1	0	-0.76268816	0.0638850033	0.693069279	1
0.140597731	-0.900646985	0.411179006	0	0.456335545	0.427510291	0.78038013	0	-0.878629863	0.077915892	0.471103966	0	0.439091563	6.98211956	3.01780009	1
-0.250992805	-0.00178508018	-1.00018477	0	-0.829017639	-0.576533198	0.209068	0	-0.51028955	0.77969557	0.126663789	0	1.09741187	6.91127443	2.69712353	1
-0.228065595	0.01409576	-1.0055747	0	-0.835625648	-0.576369464	0.181441739	0	-0.510277748	0.779678226	0.126660869	0	1.7568059	5.90375519	2.53344917	1
-0.201568857	0.0314734019	-1.0058012	0	-0.963065386	0.291390002	0.202122539	0	0.269925743	0.909897327	-0.02562242	0	2.41618443	4.89625835	2.36977863	1
-0.458683193	0.110405505	-0.911414266	0	-0.870479226	0.271494687	0.470969766	0	0.269925803	0.909897268	-0.0256225727	0	2.0007174	3.49575329	2.4092164	1
-0.693314493	-0.503710747	-0.515354276	0	-0.679635286	0.219265819	0.700012922	0	-0.239604488	0.835582137	-0.49436003	0	1.58525002	2.09524751	2.44865441	1
0.0140156085	0.907894373	-0.41896525	0	-0.413696229	0.386727333	0.824195147	0	0.910307169	0.161772832	0.38101244	0	-0.340150982	6.9455924	3.05704308	1
-0.198279858	-0.0422459058	1.01103985	0	0.872534096	-0.528942168	0.149015039	0	0.467435241	0.806391776	0.125365734	0	-1.0178045	6.81212282	2.8036468	1
-0.168487564	-0.0602143295	1.01553535	0	0.878783882	-0.527204931	0.114539362	0	0.467424333	0.806373239	0.125362843	0	-1.62182236	5.77010679	2.64164972	1
-0.13470979	-0.0795946121	1.01425624	0	0.95425868	0.344865501	0.1538046	0	-0.326375604	0.891236246	0.0265925247	0	-2.22582603	4.72811508	2.47965646	1
-0.30014199	-0.138901323	0.971503794	0	0.915789902	0.3255364	0.329473019	0	-0.326375723	0.891236782	0.0265926886	0	-1.72347176	3.35633254	2.43872547	1
-0.463727981	0.474061251	0.748479843	0	0.824548304	-0.078167811	0.560365796	0	0.324154764	0.877015173	-0.35463798	0	-1.22111726	1.98454905	2.39779425	1
1	0	0	0	0	1	0	0	0	0	1	0	0	0	0	1
0.999999881	2.1071078e-07	-1.11554392e-07	0	2.38418608e-07	-0.883785009	0.467892796	0	0	-0.467892915	-0.883785188	0	0	4.64226341	-0.368377924	1
0.99999994	2.01573627e-07	-1.27324427e-07	0	2.38418664e-07	-0.845460773	0.534036994	0	0	-0.534037173	-0.845460951	0	0	5.00275898	0.312548459	1
0.998697877	0.0326808728	-0.0391696543	0	0.0374265052	-0.991159439	0.127288297	0	-0.0346634686	-0.128588498	-0.991091669	0	0	5.82121611	1.60828876	1
0.996050537	0.0766653791	-0.0447838083	0	0.0797837079	-0.994166732	0.0725823492	0	-0.0389580317	-0.0758687332	-0.996357381	0	0.0312379636	5.93709707	2.50143909	1
0.996130168	0.0355646685	-0.08037965	0	0.0684852302	-0.887266815	0.456145823	0	-0.0550954565	-0.459884793	-0.886267722	0	0.070337683	6.01324177	3.50142002	1
0.995432436	-0.00559084583	-0.0953032151	0	0.0662813708	-0.677990973	0.732075453	0	-0.0687077269	-0.735049367	-0.674524426	0	0.101388909	6.27242804	4.00091124	1
0.99621284	0.0479407869	-0.0725304782	0	0.0720260963	-0.922319353	0.379656672	0	-0.0486953072	-0.383443534	-0.922280848	0	0.13844502	6.66886187	4.36470222	1
0.995880663	0.0166542493	-0.0891338363	0	0.0675044283	-0.792483926	0.606145799	0	-0.060542237	-0.609665871	-0.790343761	0	0.164428547	6.87346506	4.85682583	1
0.995880544	0.0166542456	-0.0891338289	0	0.0899254456	-0.30763939	0.947243989	0	-0.011645467	-0.951358795	-0.307870239	0	0.199714467	7.22879744	5.31746292	1
-0.154291943	-0.814373434	0.559454679	0	-0.752953529	0.463544905	0.467104971	0	-0.639730453	-0.349172831	-0.684706688	0	0	4.64226341	-0.368377894	1
-0.154292062	0.814373314	-0.559454858	0	0.75295341	0.463545024	0.467104971	0	0.639730453	-0.349172771	-0.684706569	0	2.27271197e-08	4.64226341	-0.368377894	1
-0.301728964	-0.474758983	-0.676250815	0	-0.80956018	0.02585507	0.343067974	0	-0.242846414	1.08733678	-0.655007124	0	0.547514141	4.64257288	-0.324246109	1
-0.315241694	-0.474259943	-0.670412123	0	-0.804396093	0.0337983817	0.35433954	0	-0.242846355	1.08733618	-0.655007005	0	0.78477484	3.58024597	0.315695167	1
-0.392156899	0.356285959	-0.80993253	0	-0.876409054	-0.034445148	0.409191906	0	0.134358078	0.991862774	0.371262163	0	1.02203536	2.51792002	0.955636144	1
-0.447440118	0.353351474	-0.782085657	0	-0.849516273	-0.0571754873	0.460185856	0	0.134358108	0.991862535	0.371262252	0	0.871292651	1.40510213	0.539099514	1
0.996931791	4.61476957e-05	-0.0736156255	0	-0.0272534881	-0.928386569	-0.369659096	0	-0.0684576854	0.371056229	-0.926848412	0	0.720549881	0.292284131	0.122562647	1
-1	5.77189257e-06	0	0	5.77189257e-06	1	0	0	0	0	-1	0	0.762687922	0.0638863593	0.693069458	1
-0.372135103	0.335076153	0.830586135	0	0.893450856	0.0762719512	0.369543016	0	0.0683490038	0.994140923	-0.370434672	0	-0.5475142	4.64257288	-0.324246168	1
-0.386987209	0.333757043	0.824305475	0	0.88711971	0.0818491802	0.383342534	0	0.0683490187	0.994141102	-0.370434761	0	-0.614291072	3.67129827	0.0376681089	1
-0.416073352	-0.0924209133	0.862589955	0	0.867385447	-0.0616007745	0.411786377	0	0.0175954215	1.07301831	0.123454146	0	-0.681068003	2.70002341	0.399582475	1
-0.465839684	-0.0886805058	0.837167919	0	0.841705501	-0.0668744072	0.461280644	0	0.0175953824	1.07301807	0.123454824	0	-0.700809121	1.49615288	0.261073351	1
0.99693197	-4.64031946e-05	0.0736154318	0	0.0272532161	-0.928386629	-0.369659543	0	0.0684575364	0.371056348	-0.926847875	0	-0.720550239	0.29228282	0.122563496	1
-0.99999994	0.000354327989	0	0	0.000354327989	0.99999994	0	0	0	0	-1	0	-0.76268816	0.0638851523	0.693069518	1
0.15713121	-0.984386265	0.0793420002	0	0.465882033	0.144724786	0.872931659	0	-0.870783508	-0.100200705	0.481348366	0	0.461185545	6.0088644	3.46627998	1
0.286602944	0.0946997181	-0.989371717	0	-0.771102905	-0.628471851	-0.283529937	0	-0.566585839	0.737376332	-0.0935501158	0	1.11433399	6.06126356	3.13177991	1
0.247858107	0.0632920787	-1.00227261	0	-0.784424901	-0.632414401	-0.23392123	0	-0.566572785	0.737359285	-0.093548052	0	1.84647369	5.10842896	3.25266504	1
0.201646566	0.0269579608	-1.00877869	0	-0.946665823	0.361385643	-0.179573327	0	0.320738375	0.883782089	0.0877306014	0	2.57859659	4.15561676	3.37354732	1
-0.107499085	0.139658645	-1.01388466	0	-0.961915433	0.334397703	0.148050845	0	0.320738494	0.883782029	0.0877306089	0	2.08491921	2.79530811	3.23851323	1
-0.437103957	-0.760454953	-0.480258346	0	-0.827110589	0.130108476	0.546772003	0	-0.35330984	0.636223078	-0.685851574	0	1.59124136	1.43499863	3.10347915	1
-0.0027644434	0.996267557	-0.0862824768	0	-0.402762264	0.0778659806	0.911987066	0	0.915300488	0.0372726396	0.401043504	0	-0.316814363	5.94898272	3.50126004	1
0.333814502	-0.0968933031	0.976172507	0	0.784845591	-0.592208445	-0.327169687	0	0.528923988	0.759264648	-0.105508834	0	-0.99750948	5.8987174	3.22673202	1
0.300484776	-0.0718799531	0.989090383	0	0.798210502	-0.595768988	-0.285791755	0	0.528911829	0.759246945	-0.105506346	0	-1.68098283	4.91759872	3.36307001	1
0.259267658	-0.042109143	0.996699214	0	0.886587143	0.481821865	-0.210268468	0	-0.417629212	0.831202388	0.143753484	0	-2.36444044	3.93650317	3.49940491	1
0.11304938	-0.119181663	1.0175544	0	0.916774809	0.468744218	-0.0469509885	0	-0.417629421	0.831202745	0.143753365	0	-1.72162938	2.65712428	3.27814078	1
-0.139393881	0.727080047	0.672252715	0	0.936878502	-0.123006336	0.327303588	0	0.320667326	0.675443351	-0.664039552	0	-1.07881796	1.37774456	3.0568769	1
1	0	0	0	0	1	0	0	0	0	1	0	0	0	0	1
0.999999881	2.29583634e-07	-6.4302256e-08	0	2.38418608e-07	-0.962943435	0.269703031	0	0	-0.26970309	-0.962943554	0	0	4.71861315	-0.398872286	1
1	2.240009e-07	-8.16520682e-08	0	2.38418693e-07	-0.939527571	0.342473358	0	0	-0.342473328	-0.939527452	0	0	4.9264102	0.34304294	1
0.998007894	0.0503668226	-0.0379972383	0	0.0426064692	-0.982211053	-0.18288824	0	-0.0465327352	0.180904672	-0.982398868	0	0	5.45127964	1.78294814	1
0.994264662	0.103192367	-0.0280923396	0	0.0936854035	-0.967077672	-0.236610055	0	-0.051583834	0.232621223	-0.971198916	0	0.041934289	5.28825235	2.66826463	1
0.994335294	0.066809848	-0.0826696828	0	0.0852208287	-0.965921104	0.24440676	0	-0.0635236353	-0.250067562	-0.966143429	0	0.0937057287	5.05478525	3.6429956	1
0.993718326	0.0214558598	-0.109840073	0	0.0849291831	-0.783739209	0.615256548	0	-0.0728850663	-0.620719969	-0.780637801	0	0.12950699	5.19572067	4.18750381	1
0.994410098	0.0791325793	-0.0699066967	0	0.0882884488	-0.986287773	0.139435858	0	-0.0579141863	-0.144828364	-0.987760901	0	0.16881606	5.53049326	4.6085248	1
0.994113207	0.0466563217	-0.0977860913	0	0.0853087306	-0.893456519	0.440974027	0	-0.0667934343	-0.446720392	-0.892177701	0	0.199718729	5.60777283	5.13558817	1
0.994113207	0.0466563553	-0.0977860689	0	0.108118251	-0.368651181	0.923258543	0	0.00702693174	-0.928397357	-0.371526003	0	0.238648042	5.86813545	5.65557718	1
-0.154291943	-0.914541483	0.373908669	0	-0.752953529	0.353871554	0.554829597	0	-0.639730453	-0.195930094	-0.743206739	0	0	4.71861315	-0.398872256	1
-0.154292062	0.914541423	-0.373908728	0	0.75295341	0.353871733	0.554829597	0	0.639730453	-0.195930064	-0.74320662	0	2.27271197e-08	4.71861315	-0.398872226	1
-0.265716195	-0.507209182	-0.627364397	0	-0.788766384	0.0246575754	0.314152658	0	-0.276414305	1.11109853	-0.781223178	0	0.5475142	4.70955086	-0.355679661	1
-0.282229602	-0.50657934	-0.620625377	0	-0.783010721	0.0353064314	0.327261478	0	-0.276414335	1.11109793	-0.781223238	0	0.817570686	3.62400866	0.407574564	1
-0.363242805	0.417579561	-0.767572105	0	-0.862741351	-0.0395163335	0.386782587	0	0.163588956	1.00102115	0.467165858	0	1.08762717	2.53846741	1.1708287	1
-0.429129928	0.413251013	-0.735225439	0	-0.831935108	-0.0718178451	0.445209503	0	0.163588986	1.00102127	0.467165709	0	0.904088974	1.41537428	0.64669317	1
0.996929228	4.54391229e-05	-0.0736136511	0	-0.0272529274	-0.928386748	-0.369651467	0	-0.0684563443	0.371051639	-0.926856279	0	0.720550656	0.292280674	0.12255764	1
-1	5.77189257e-06	0	0	5.77189257e-06	1	0	0	0	0	-1	0	0.762687862	0.0638857335	0.693069339	1
-0.34638676	0.374987513	0.80917263	0	0.889758646	0.0861112326	0.340989888	0	0.0694465265	1.00023806	-0.433802843	0	-0.547514141	4.70955133	-0.35567978	1
-0.364997864	0.373096257	0.801832259	0	0.882288873	0.0939660668	0.357905418	0	0.0694466159	1.00023818	-0.433802962	0	-0.6153633	3.73231983	0.0681451261	1
-0.400606483	-0.121699341	0.851841986	0	0.860373795	-0.0721883327	0.394305676	0	0.0166400112	1.09755993	0.164629579	0	-0.683212578	2.75508833	0.491970152	1
-0.459244102	-0.116406679	0.822481632	0	0.830556393	-0.0804453716	0.452367216	0	0.0166399665	1.09755969	0.164629906	0	-0.701881826	1.52368343	0.307264358	1
0.996929586	-4.57212955e-05	0.0736135319	0	0.0272525568	-0.928387523	-0.369650573	0	0.0684562773	0.371050149	-0.926855803	0	-0.720551014	0.292278886	0.122558221	1
-0.99999994	0.000354327989	0	0	0.000354327989	0.99999994	0	0	0	0	-1	0	-0.76268816	0.0638850331	0.69306916	1
0.170984402	-0.958560705	-0.227874398	0	0.475849748	-0.122178152	0.870999455	0	-0.862746716	-0.257360995	0.43524	0	0.484060675	5.0678668	3.60468173	1
0.76791364	0.21417053	-0.66335398	0	-0.383519292	-0.694331706	-0.668143094	0	-0.52180618	0.663390756	-0.389872253	0	1.13183963	5.23110723	3.29650402	1
0.704518318	0.111702226	-0.752861261	0	-0.490356326	-0.717983305	-0.565397084	0	-0.5217942	0.663375676	-0.389863372	0	1.80611539	4.37387657	3.80029535	1
0.606379271	-0.0134263309	-0.834423959	0	-0.772764266	0.38039571	-0.567691684	0	0.287032396	0.873415828	0.19453387	0	2.48037553	3.51666546	4.30407524	1
0.265204251	0.132900134	-0.98799938	0	-0.945793867	0.356677055	-0.205896795	0	0.287032545	0.873416126	0.194533885	0	2.03857803	2.17231226	4.00465059	1
-0.177057713	-0.907509685	-0.380889118	0	-0.908528626	0.00189505075	0.41781798	0	-0.378452063	0.42002669	-0.824834287	0	1.59678006	0.827957869	3.70522571	1
-0.0168943889	0.974553108	0.223520681	0	-0.39123714	-0.212170824	0.895498335	0	0.920135081	-0.0723203421	0.384865642	0	-0.292544305	4.98726511	3.62662458	1
0.791923404	-0.160816148	0.653510511	0	0.399284273	-0.700100601	-0.656133711	0	0.48264423	0.669091105	-0.420217484	0	-0.976217866	5.01231766	3.35606647	1
0.728570402	-0.0616962723	0.738569081	0	0.505741119	-0.715686977	-0.558679402	0	0.482633084	0.669076025	-0.420208037	0	-1.5998888	4.14772081	3.89906979	1
0.625407159	0.0641765371	0.820500374	0	0.684057117	0.532456636	-0.563053548	0	-0.414331526	0.800086081	0.253234684	0	-2.22354507	3.28314376	4.44206095	1
0.502379715	-0.02565003	0.903012097	0	0.778898716	0.535696507	-0.418114483	0	-0.414331675	0.800086379	0.253234804	0	-1.58580995	2.05165863	4.05228424	1
0.131324604	0.861989498	0.48962003	0	0.966338396	-0.221530378	0.13082166	0	0.221232593	0.455958545	-0.862066269	0	-0.9480744	0.820173025	3.66250753	1
1	0	0	0	0	1	0	0	0	0	1	0	0	0	0	1
0.999999881	2.37121782e-07	-2.48332572e-08	0	2.38418608e-07	-0.994560659	0.104158103	0	0	-0.104158111	-0.994560778	0	0	4.78238678	-0.411052406	1
1	2.34531996e-07	-4.28742801e-08	0	2.38418693e-07	-0.98369813	0.179827586	0	0	-0.179827571	-0.98369807	0	0	4.86263704	0.355222821	1
0.997306466	0.0656093359	-0.0327970721	0	0.045880273	-0.906844616	-0.418962359	0	-0.0572296269	0.416328669	-0.907411039	0	0	5.13823795	1.86282313	1
0.992584765	0.12135569	-0.00692237681	0	0.104044907	-0.877683342	-0.46781072	0	-0.0628471971	0.463621914	-0.883802235	0	0.0515740961	4.76305151	2.68056226	1
0.992628455	0.0940530524	-0.0764353052	0	0.0993056893	-0.992723942	0.0680959225	0	-0.0694746003	-0.0751844794	-0.994746923	0	0.114649855	4.29774332	3.56757879	1
0.992246985	0.0475735031	-0.114818767	0	0.100325279	-0.851885617	0.514030099	0	-0.0733582154	-0.521563888	-0.85005343	0	0.153805017	4.3401165	4.12820768	1
0.99267596	0.105139785	-0.0595076941	0	0.101759106	-0.993161142	-0.0572510064	0	-0.0651200488	0.0507762134	-0.996585488	0	0.193369269	4.62141132	4.58666658	1
0.992490709	0.0741686821	-0.0972715765	0	0.100295536	-0.948650181	0.300008535	0	-0.0700254813	-0.307511717	-0.948965609	0	0.228116944	4.59431744	5.11843872	1
0.992491007	0.0741686895	-0.0972717032	0	0.119304582	-0.41139093	0.903618157	0	0.0270034708	-0.908437669	-0.417150348	0	0.268929988	4.77354479	5.67152596	1
-0.154291943	-0.96434617	0.215012491	0	-0.752953529	0.255669057	0.606378019	0	-0.639730453	-0.0683351457	-0.765555501	0	0	4.78238678	-0.411052376	1
-0.154292062	0.964346111	-0.215012625	0	0.75295341	0.255669206	0.606378078	0	0.639730453	-0.0683351457	-0.765555322	0	2.27271197e-08	4.78238678	-0.411052346	1
-0.23719196	-0.524659872	-0.591665506	0	-0.772354364	0.0211415701	0.290891647	0	-0.301589668	1.13216329	-0.883042812	0	0.547514081	4.76620054	-0.369995147	1
-0.256478697	-0.523965061	-0.584187686	0	-0.766166329	0.0342846662	0.305629253	0	-0.301589519	1.13216269	-0.883042336	0	0.842166901	3.66007829	0.492736727	1
-0.339003682	0.460392624	-0.730110466	0	-0.850374758	-0.0437042825	0.367285728	0	0.185510933	1.0079397	0.549449801	0	1.13681948	2.55395699	1.35546792	1
-0.414224863	0.454584092	-0.694058299	0	-0.816381335	-0.0849974006	0.431558907	0	0.185510889	1.0079397	0.549449682	0	0.928685963	1.42310166	0.739014149	1
0.996942103	4.45798105e-05	-0.0736124367	0	-0.0272496901	-0.928417921	-0.369607657	0	-0.0684537217	0.370993525	-0.926852286	0	0.720552444	0.292245984	0.122560322	1
