36	5	MATRIX4
1	0	0	0	0	1	0	0	0	0	1	0	0	0	0	1
0.999999881	2.38181343e-07	1.06340625e-08	0	2.38418608e-07	-0.999004662	-0.0446024761	0	0	0.0446024835	-0.9990049	0	-0.250242382	3.41995502	2.0938611	1
1.00000012	2.38297815e-07	0	0	2.38418721e-07	-0.999493062	0.0318411626	0	0	-0.0318411514	-0.999492764	0	-0.250242382	3.38559031	2.86356044	1
0.996541619	0.0793718845	-0.0245984327	0	0.04806206	-0.792040944	-0.608573258	0	-0.0677865446	0.605286121	-0.793116271	0	-0.250242382	3.43438959	4.39536762	1
0.990876734	0.133652776	0.0173115097	0	0.112713993	-0.751435816	-0.650107741	0	-0.0738802925	0.646128714	-0.75964576	0	-0.189154625	2.88891888	5.11010695	1
0.990877032	0.118462995	-0.0642592758	0	0.112521611	-0.989628196	-0.0893118382	0	-0.0741729438	0.0812664926	-0.993929625	0	-0.115005642	2.24044037	5.87251568	1
0.990877032	0.0728104711	-0.113408029	0	0.114265002	-0.900068521	0.420501977	0	-0.0714580864	-0.429624468	-0.9001773	0	-0.073202543	2.19463944	6.43268394	1
0.990877032	0.127502501	-0.0436566062	0	0.114264965	-0.966582239	-0.229489356	0	-0.0714581534	0.222407281	-0.972333074	0	-0.0346630774	2.42634869	6.91817617	1
0.990876615	0.0998525545	-0.0905108079	0	0.114264898	-0.978558183	0.171373129	0	-0.071458213	-0.180152252	-0.981042385	0	0.00346657634	2.30767345	7.43700743	1
0.990877151	0.0998524427	-0.0905109942	0	0.125790492	-0.444206625	0.887051463	0	0.0483686663	-0.890344322	-0.452714622	0	0.0451146699	2.4126718	8.00879002	1
-0.154291943	-0.985577226	0.0695082247	0	-0.752953529	0.162842274	0.637607634	0	-0.639730453	0.0460412167	-0.767219067	0	-0.250242382	3.41995502	2.0938611	1
-0.154292062	0.985577226	-0.0695083514	0	0.75295341	0.162842438	0.637607634	0	0.639730453	0.0460412055	-0.767219007	0	-0.250242352	3.41995502	2.0938611	1
0.575978041	0.347673506	-0.531969249	0	-0.211388454	-0.572260618	-0.602869272	0	-0.949904859	0.849495471	-0.473293126	0	0.297271669	3.39785409	2.13206124	1
0.479912698	0.149443835	-0.694960058	0	-0.382255465	-0.652704418	-0.40432328	0	-0.949904501	0.849495351	-0.47329253	0	1.22532773	2.5678978	2.59446812	1
-0.28352049	0.84979099	-0.287105322	0	-0.857682407	-0.34498623	-0.174136564	0	-0.315427184	0.251387089	1.05555832	0	2.15338326	1.73794198	3.05687428	1
-0.758840919	0.445359826	-0.332825512	0	-0.490064561	-0.801757097	0.0444991961	0	-0.315427303	0.251386911	1.05555844	0	2.50727606	1.45589888	1.8725934	1
0.997288764	-7.65393779e-05	-0.0733326152	0	-0.0271524414	-0.929294109	-0.368290216	0	-0.0681244805	0.369310528	-0.926846206	0	2.8611691	1.1738559	0.688311934	1
-1	5.77189257e-06	0	0	5.77189257e-06	1	0	0	0	0	-1	0	2.90310216	0.946532667	1.25881743	1
0.201554418	-0.1769007	0.971975863	0	0.801049709	-0.551345587	-0.266444743	0	0.564082623	0.80525732	0.029586345	0	-0.797756493	3.39785409	2.13206124	1
0.0873791128	-0.0979394019	0.999713659	0	0.821380794	-0.570685208	-0.127695054	0	0.564082623	0.805257618	0.0295858923	0	-1.34886456	2.61111856	2.10315537	1
-0.267613322	-0.612751424	0.69802928	0	0.896322668	-0.360845864	0.0268746372	0	0.269671053	0.724944472	0.739766121	0	-1.89997268	1.82438278	2.07424998	1
-0.612118483	-0.410491884	0.625406563	0	0.707334399	-0.580663621	0.311181277	0	0.269671053	0.724944472	0.739765942	0	-2.20252943	1.01103294	1.24427104	1
0.997279465	0.000225144075	0.0729552805	0	0.0270809438	-0.929640591	-0.367319971	0	0.067754522	0.368378073	-0.927323461	0	-2.50508618	0.197683215	0.414292395	1
-0.99999994	0.000354327989	0	0	0.000354327989	0.99999994	0	0	0	0	-1	0	-2.54679132	-0.0290658921	0.985091209	1
0.189926118	-0.745556653	-0.638807058	0	0.493589431	-0.48993814	0.718561888	0	-0.848703444	-0.451781988	0.274946779	0	0.274205208	2.28085041	5.8425498	1
0.6916219	0.734579444	-0.262944818	0	0.291861445	-0.569453597	-0.823181093	0	-0.638392687	0.416824698	-0.51469177	0	0.912478507	2.58490324	5.6390872	1
0.738682449	0.592455089	-0.43641597	0	0.133736208	-0.716171443	-0.745872617	0	-0.638378203	0.416815311	-0.51467973	0	1.73740673	2.0462842	6.30416965	1
0.716492414	0.20328933	-0.724059165	0	-0.481302649	0.892382026	-0.225724787	0	0.515619993	0.438285053	0.633285999	0	2.56231618	1.50767732	6.96923637	1
0.719152987	0.198333621	-0.722795486	0	-0.477318704	0.893496752	-0.229739919	0	0.515620172	0.438285083	0.633286357	0	1.7686789	0.833073258	5.99448872	1
0.18631579	-0.969162703	-0.161275655	0	-0.935814202	-0.225050926	0.271299869	0	-0.299228966	0.100376673	-0.94888705	0	0.975040913	0.158468723	5.0197401	1
-0.0363611542	0.766269803	0.641489923	0	-0.370542854	-0.606494963	0.703464806	0	0.928103209	-0.212120622	0.305988878	0	-0.499753475	2.17645645	5.82902861	1
0.198258981	-0.890343666	0.501594245	0	-0.790572286	-0.4573915	-0.499403358	0	0.574053228	-0.253389448	-0.67667228	0	-1.18839502	2.30153084	5.60238361	1
0.218065202	-0.878578544	0.513991237	0	-0.785349488	-0.479626089	-0.486646533	0	0.574039996	-0.253383636	-0.676656663	0	-1.93018425	2.62895966	6.4767766	1
0.243766785	-0.856998086	0.527713239	0	0.595659196	-0.314812809	-0.78640455	0	0.730545521	0.440057606	0.377185494	0	-2.67195606	2.95638084	7.35114956	1
-0.0679275021	-0.605143428	0.837578237	0	0.640014052	-0.683633447	-0.442014843	0	0.730545878	0.440057665	0.377185315	0	-3.79640484	2.2790482	6.77058935	1
0.417170495	0.89912045	0.132479995	0	0.908668518	-0.409912258	-0.0793271065	0	-0.0170194358	0.153473407	-0.988006055	0	-4.92085457	1.60171545	6.19002914	1
1	0	0	0	0	1	0	0	0	0	1	0	0	0	0	1
0.999999881	2.38181343e-07	1.06340625e-08	0	2.38418608e-07	-0.999004662	-0.0446024761	0	0	0.0446024835	-0.9990049	0	-0.180978864	3.81291842	1.4000628	1
1	2.38297787e-07	0	0	2.38418693e-07	-0.999493003	0.0318411551	0	0	-0.0318411551	-0.999493003	0	-0.180978864	3.77855372	2.16976213	1
0.996541619	0.0793718845	-0.0245984402	0	0.0480620563	-0.792040944	-0.608573258	0	-0.0677865595	0.605286121	-0.793116271	0	-0.180978864	3.827353	3.70156956	1
0.990876734	0.133652776	0.0173115097	0	0.112713993	-0.751435816	-0.650107741	0	-0.0738802925	0.646128714	-0.75964576	0	-0.119891092	3.28188229	4.41630888	1
0.990877032	0.118463002	-0.0642593205	0	0.112521641	-0.989628255	-0.0893113911	0	-0.0741729364	0.0812660456	-0.993929684	0	-0.0457421094	2.63340378	5.17871761	1
0.990876913	0.0728104562	-0.113408037	0	0.114265025	-0.900068164	0.420502365	0	-0.071458064	-0.429625005	-0.90017724	0	-0.00393901765	2.58760309	5.73888588	1
0.990877032	0.127502501	-0.0436566062	0	0.114264965	-0.966582239	-0.229489356	0	-0.0714581534	0.222407281	-0.972333074	0	0.0346004367	2.81931257	6.22437811	1
0.990877032	0.0998525843	-0.0905109197	0	0.114264965	-0.9785586	0.171373397	0	-0.0714582056	-0.180152297	-0.981041491	0	0.0727300942	2.70063734	6.74320936	1
0.990877151	0.0998524427	-0.0905109942	0	0.125790492	-0.444206625	0.887051463	0	0.0483686663	-0.890344322	-0.452714622	0	0.114378184	2.80563569	7.314991	1
-0.154291943	-0.985577226	0.0695082247	0	-0.752953529	0.162842274	0.637607634	0	-0.639730453	0.0460412167	-0.767219067	0	-0.180978864	3.81291842	1.4000628	1
-0.154292062	0.985577226	-0.0695083514	0	0.75295341	0.162842438	0.637607634	0	0.639730453	0.0460412055	-0.767219007	0	-0.180978835	3.81291842	1.4000628	1
0.614542246	0.192390338	-0.576513946	0	-0.254314542	-0.663248599	-0.492412359	0	-0.854915619	0.804952383	-0.642684877	0	0.366535366	3.7908175	1.43826306	1
0.465968639	-0.0825668871	-0.723256648	0	-0.47456339	-0.685632825	-0.22746788	0	-0.854915202	0.804952204	-0.642684758	0	1.20178699	3.00437975	2.06616545	1
-0.129814118	0.79550755	-0.487902135	0	-0.929207623	-0.15575777	-0.00672694203	0	-0.103221782	0.574174523	0.963635564	0	2.03703809	2.21794248	2.69406748	1
-0.536775768	0.638570786	-0.437985092	0	-0.769512713	-0.499319255	0.215087488	0	-0.103221707	0.574174404	0.963635385	0	2.15284753	1.57374883	1.61291909	1
0.99731189	-2.89700602e-05	-0.0734542608	0	-0.0271554347	-0.929312348	-0.368330777	0	-0.0682476535	0.369315684	-0.9267658	0	2.26865697	0.929555118	0.531770468	1
-1	5.77189257e-06	0	0	5.77189257e-06	1	0	0	0	0	-1	0	2.31066585	0.702228725	1.1022265	1
0.229760408	-0.0202118196	0.98866117	0	0.820795298	-0.562180698	-0.202231169	0	0.527088583	0.807684124	-0.105981007	0	-0.728492975	3.79081774	1.43826318	1
0.0756195337	0.0830451101	1.00897717	0	0.848983586	-0.556379974	-0.0178295691	0	0.527088642	0.807684004	-0.105980992	0	-1.24345803	3.00171113	1.54180646	1
-0.240116775	-0.494638622	0.796352267	0	0.931894779	-0.215436608	0.147171557	0	0.112614587	0.886460423	0.584563136	0	-1.75842309	2.21260476	1.64534974	1
-0.499253213	-0.411243379	0.719809473	0	0.822696924	-0.349226713	0.371094078	0	0.112614602	0.886460125	0.584563076	0	-1.88477075	1.21804249	0.989500463	1
0.997371495	0.000125413106	0.0732141212	0	0.027098082	-0.929666102	-0.367555261	0	0.0680035949	0.368491828	-0.927021503	0	-2.01111841	0.223480642	0.333651304	1
-0.99999994	0.000354327989	0	0	0.000354327989	0.99999994	0	0	0	0	-1	0	-2.05297685	-0.00333847106	0.904264212	1
0.189926118	-0.745556653	-0.638807058	0	0.493589431	-0.48993814	0.718561888	0	-0.848703444	-0.451781988	0.274946779	0	0.343468726	2.67381382	5.14875174	1
0.742280006	0.727562428	-0.0808239356	0	0.529323101	-0.612957418	-0.656475067	0	-0.446275085	0.376297563	-0.71118933	0	0.981742501	2.97786665	4.94528961	1
0.861577153	0.52480197	-0.262966096	0	0.298104048	-0.793515682	-0.606918991	0	-0.446265072	0.37628907	-0.711173594	0	1.55841732	2.49161649	5.86428547	1
0.891113341	0.0561111718	-0.529488623	0	-0.394032478	0.763783634	-0.5822047	0	0.320140272	0.626461327	0.605174065	0	2.13507915	2.00537729	6.78326082	1
0.766791344	0.242284343	-0.656443357	0	-0.601144552	0.726506889	-0.434053123	0	0.320140451	0.626461506	0.605174482	0	1.64232242	1.04113412	5.8517828	1
0.18631579	-0.969162703	-0.161275655	0	-0.935814202	-0.225050926	0.271299869	0	-0.299228966	0.100376673	-0.94888705	0	1.1495651	0.076890111	4.92030334	1
-0.0363611542	0.766269803	0.641489923	0	-0.370542854	-0.606494963	0.703464806	0	0.928103209	-0.212120622	0.305988878	0	-0.430489957	2.56941986	5.13523054	1
0.349685371	-0.896818042	0.399751872	0	-0.862258852	-0.483464599	-0.330357254	0	0.414795607	-0.194179922	-0.798475206	0	-1.11913157	2.69449425	4.90858603	1
0.440116912	-0.839827001	0.432870418	0	-0.81980902	-0.576832175	-0.285599291	0	0.4147861	-0.194175586	-0.798456669	0	-1.65512872	2.94541264	5.94037247	1
0.575846016	-0.720856667	0.474446535	0	0.64751327	-0.0161449946	-0.810431004	0	0.510892391	0.668018579	0.394881725	0	-2.19111347	3.19632554	6.97213459	1
0.273624152	-0.655996084	0.755732298	0	0.822193265	-0.299272537	-0.557464004	0	0.510892451	0.668018937	0.394882172	0	-2.97747421	2.16811752	6.36433649	1
0.417170495	0.89912045	0.132479995	0	0.908668518	-0.409912258	-0.0793271065	0	-0.0170194358	0.153473407	-0.988006055	0	-3.76383519	1.13990891	5.75653744	1
1	0	0	0	0	1	0	0	0	0	1	0	0	0	0	1
0.999999881	2.38181343e-07	1.06340625e-08	0	2.38418608e-07	-0.999004662	-0.0446024761	0	0	0.0446024835	-0.9990049	0	-0.0983095095	4.28193951	0.571981907	1
1.00000012	2.38297815e-07	0	0	2.38418721e-07	-0.999493062	0.0318409242	0	0	-0.031840913	-0.999492764	0	-0.0983095095	4.24757481	1.34168124	1
0.996541858	0.0793718994	-0.0245984253	0	0.0480620638	-0.792041063	-0.608573556	0	-0.0677865073	0.605285943	-0.793115735	0	-0.0983095095	4.29637384	2.87348843	1
0.990876734	0.133652776	0.0173114985	0	0.112713993	-0.751435816	-0.650107741	0	-0.0738803074	0.646128714	-0.75964576	0	-0.0372217856	3.75090337	3.58822703	1
0.990877032	0.118462995	-0.0642592758	0	0.112521611	-0.989628196	-0.0893118382	0	-0.0741729438	0.0812664926	-0.993929625	0	0.036927212	3.10242486	4.35063553	1
0.990877032	0.0728104711	-0.113408029	0	0.114265002	-0.900068521	0.420501977	0	-0.0714580864	-0.429624468	-0.9001773	0	0.078730315	3.05662394	4.91080379	1
0.990876615	0.127502441	-0.0436565354	0	0.11426492	-0.966581821	-0.229489058	0	-0.071458146	0.222407326	-0.972334087	0	0.117269784	3.28833318	5.39629602	1
0.990876615	0.0998525545	-0.0905108005	0	0.114264905	-0.978558183	0.171373129	0	-0.0714582056	-0.180152252	-0.981042385	0	0.155399442	3.16965795	5.91512775	1
0.990877151	0.0998524427	-0.0905109942	0	0.125790492	-0.444206625	0.887051463	0	0.0483686663	-0.890344322	-0.452714622	0	0.197047532	3.2746563	6.48690987	1
-0.154291943	-0.985577226	0.0695082247	0	-0.752953529	0.162842274	0.637607634	0	-0.639730453	0.0460412167	-0.767219067	0	-0.0983095095	4.28193951	0.571981907	1
-0.154292062	0.985577226	-0.0695083514	0	0.75295341	0.162842438	0.637607634	0	0.639730453	0.0460412055	-0.767219007	0	-0.0983094871	4.28193951	0.571981907	1
0.452739447	-0.217946678	-0.688108921	0	-0.575582922	-0.599149346	-0.188923016	0	-0.704145372	0.91379559	-0.752719522	0	0.449204832	4.2598381	0.610182106	1
0.241250753	-0.400730997	-0.712166369	0	-0.691421568	-0.495879591	0.0448090881	0	-0.704144776	0.913794875	-0.752719343	0	1.1371541	3.36706066	1.34558821	1
-0.117610633	0.649270535	-0.669066548	0	-0.927206218	-0.0109884143	0.152324021	0	0.117406242	0.818566918	0.773709476	0	1.82510257	2.47428417	2.08099413	1
-0.361529976	0.622632325	-0.603870332	0	-0.861881316	-0.184396252	0.325872779	0	0.117406279	0.81856662	0.773709476	0	1.69337893	1.55589509	1.21293283	1
0.997465789	-8.83056418e-05	-0.0733156875	0	-0.0271121357	-0.929700732	-0.367742598	0	-0.0680865198	0.368567556	-0.926766574	0	1.56165516	0.637506127	0.344871223	1
-1	5.77189257e-06	0	0	5.77189257e-06	1	0	0	0	0	-1	0	1.60356474	0.41064024	0.915327668	1
0.0276635941	0.283757597	0.955162883	0	0.944406509	-0.312153399	0.0653927326	0	0.32079348	0.911851585	-0.280181646	0	-0.645823717	4.25983858	0.610182166	1
-0.0907410309	0.320591509	0.939471304	0	0.940442979	-0.27418986	0.184406832	0	0.32079348	0.911851525	-0.280181825	0	-0.959238589	3.36896062	0.883919358	1
-0.290213674	-0.335085183	0.856720507	0	0.917987049	-0.163688317	0.246944919	0	0.0663992837	0.991152167	0.410157561	0	-1.27265346	2.47808266	1.15765667	1
-0.465073615	-0.296351761	0.791427672	0	0.842988849	-0.226388469	0.410601526	0	0.0663993806	0.99115181	0.41015774	0	-1.34714997	1.36606169	0.697481275	1
0.99749583	7.15884744e-05	0.0733591542	0	0.0270914324	-0.929846525	-0.367466033	0	0.0681346878	0.368253529	-0.926816165	0	-1.4216466	0.254041195	0.23730576	1
-0.99999994	0.000354327989	0	0	0.000354327989	0.99999994	0	0	0	0	-1	0	-1.46358573	0.0273687541	0.807792306	1
0.189926118	-0.745556653	-0.638807058	0	0.493589431	-0.48993814	0.718561888	0	-0.848703444	-0.451781988	0.274946779	0	0.426138103	3.14283466	4.3206706	1
0.773958325	0.693741977	0.0701893419	0	0.627561808	-0.647324979	-0.521873832	0	-0.268839449	0.380367845	-0.795086741	0	1.064412	3.44688797	4.11720896	1
0.93222779	0.454575032	-0.0977424905	0	0.351879686	-0.832880497	-0.517427802	0	-0.26883322	0.380359143	-0.795068741	0	1.41180515	2.95537829	5.1446166	1
0.984548509	0.0194423404	-0.323599279	0	-0.289860219	0.516142428	-0.850886762	0	0.130353466	0.806945205	0.445081949	0	1.7591902	2.46387982	6.17200089	1
0.750259459	0.24868007	-0.670596361	0	-0.700332522	0.452702075	-0.615650892	0	0.130353555	0.806945145	0.445081681	0	1.55855143	1.22183764	5.48693514	1
0.18631579	-0.969162703	-0.161275655	0	-0.935814202	-0.225050926	0.271299869	0	-0.299228966	0.100376673	-0.94888705	0	1.35791242	-0.0202051401	4.80186939	1
-0.0363611542	0.766269803	0.641489923	0	-0.370542854	-0.606494963	0.703464806	0	0.928103209	-0.212120622	0.305988878	0	-0.34782061	3.0384407	4.30714893	1
0.577611208	-0.84049207	0.215418756	0	-0.792189717	-0.616421163	-0.280940294	0	0.312532723	-0.00709776301	-0.865699947	0	-1.03646195	3.16351485	4.08050442	1
0.741300464	-0.679948032	0.273197323	0	-0.641634822	-0.789998829	-0.225164115	0	0.31252557	-0.00709777744	-0.86567992	0	-1.44031549	3.17268658	5.19915819	1
0.923819423	-0.331729144	0.336234212	0	0.430007517	0.285087228	-0.900199115	0	0.174958661	0.842327178	0.350333869	0	-1.8441596	3.1818583	6.31778622	1
0.719379663	-0.409582227	0.625519216	0	0.721693039	0.153496131	-0.729477167	0	0.174958766	0.842327595	0.350333899	0	-2.11345434	1.88535619	5.77855539	1
0.417170495	0.89912045	0.132479995	0	0.908668518	-0.409912258	-0.0793271065	0	-0.0170194358	0.153473407	-0.988006055	0	-2.38274932	0.58885324	5.23932457	1
1	0	0	0	0	1	0	0	0	0	1	0	0	0	0	1
0.99999994	2.38181357e-07	1.06340634e-08	0	2.38418608e-07	-0.999004722	-0.0446024798	0	0	0.0446024872	-0.9990049	0	-0.0290460289	4.67490292	-0.121816218	1
1	2.38297787e-07	0	0	2.38418693e-07	-0.999493003	0.0318409204	0	0	-0.0318409204	-0.999492943	0	-0.0290460289	4.64053822	0.647883058	1
0.996541619	0.079371877	-0.0245984327	0	0.04806206	-0.792040944	-0.608573258	0	-0.0677865297	0.605285943	-0.793116093	0	-0.0290460289	4.68933725	2.17969036	1
0.990876853	0.133652791	0.0173115022	0	0.112713993	-0.751435757	-0.650108039	0	-0.0738803074	0.646128714	-0.759645462	0	0.0320417173	4.14386654	2.89442921	1
0.990877032	0.118463002	-0.0642593205	0	0.112521641	-0.989628255	-0.0893113911	0	-0.0741729364	0.0812660456	-0.993929684	0	0.106190711	3.49538803	3.65683746	1
0.990877032	0.0728104711	-0.113408029	0	0.114265002	-0.900068521	0.420501977	0	-0.0714580864	-0.429624468	-0.9001773	0	0.147993803	3.44958735	4.21700573	1
0.990876615	0.127502441	-0.0436565802	0	0.11426492	-0.966581821	-0.229489073	0	-0.0714581981	0.222407326	-0.972334087	0	0.186533272	3.68129659	4.70249796	1
0.990876615	0.0998525545	-0.0905108005	0	0.114264905	-0.978558183	0.171373129	0	-0.0714582056	-0.180152252	-0.981042385	0	0.22466296	3.56262136	5.22132969	1
0.990877032	0.0998524278	-0.0905109867	0	0.125790477	-0.444206566	0.887051344	0	0.0483686775	-0.89034456	-0.452714711	0	0.266311049	3.66761971	5.7931118	1
-0.154291943	-0.985577226	0.0695082247	0	-0.752953529	0.162842274	0.637607634	0	-0.639730453	0.0460412167	-0.767219067	0	-0.0290460289	4.67490292	-0.121816188	1
-0.154292062	0.985577226	-0.0695083514	0	0.75295341	0.162842438	0.637607634	0	0.639730453	0.0460412055	-0.767219007	0	-0.0290460065	4.67490292	-0.121816166	1
-0.131976292	-0.544297695	-0.598321795	0	-0.785522521	-0.0583067611	0.226321101	0	-0.350387156	1.10801244	-0.930679381	0	0.518468142	4.65280247	-0.0836159587	1
-0.158169523	-0.545942962	-0.590419292	0	-0.780670285	-0.040076036	0.246198699	0	-0.350387037	1.10801232	-0.930679202	0	0.860795975	3.57027555	0.825656772	1
-0.314114273	0.540586948	-0.683988869	0	-0.867857575	-0.124624468	0.300057948	0	0.104368865	0.932764888	0.689275682	0	1.20312369	2.4877491	1.73492908	1
-0.451804727	0.512930512	-0.625713527	0	-0.804808497	-0.211347803	0.407869935	0	0.104368985	0.932764828	0.689275742	0	1.08602726	1.4412359	0.961598039	1
0.996952891	8.38208434e-05	-0.0737119839	0	-0.0272544064	-0.928412259	-0.36967063	0	-0.0685554072	0.37103653	-0.92678827	0	0.968930721	0.394722462	0.188266635	1
-1	5.77189257e-06	0	0	5.77189257e-06	1	0	0	0	0	-1	0	1.0111289	0.16633682	0.758736432	1
-0.262825906	0.410599828	0.817353845	0	0.911058426	0.0418289565	0.271956027	0	0.0944415852	0.994849682	-0.469396949	0	-0.57656014	4.65280151	-0.0836159512	1
-0.288504362	0.409251541	0.809329629	0	0.903255939	0.0534303337	0.294974297	0	0.0944416076	0.99484992	-0.469397157	0	-0.668829441	3.68083453	0.374984354	1
-0.360838354	-0.210912496	0.844864547	0	0.868572831	-0.152437076	0.332909405	0	0.0742001161	1.08176804	0.301743805	0	-0.761098802	2.70886731	0.833584905	1
-0.472138405	-0.188988373	0.793633461	0	0.813454807	-0.178898767	0.4413293	0	0.0742000639	1.08176768	0.301744103	0	-0.844347477	1.49518013	0.495044112	1
0.99695909	-7.0985101e-05	0.0736792758	0	0.0272557549	-0.928407252	-0.369693279	0	0.0685188323	0.371054947	-0.926775336	0	-0.927596092	0.281493425	0.156503022	1
-0.99999994	0.000354327989	0	0	0.000354327989	0.99999994	0	0	0	0	-1	0	-0.969771743	0.0530966222	0.726964414	1
0.189926118	-0.745556653	-0.638807058	0	0.493589431	-0.48993814	0.718561888	0	-0.848703444	-0.451781988	0.274946779	0	0.495401561	3.53579807	3.62687278	1
0.831733704	0.602421701	0.16086641	0	0.592223465	-0.679319561	-0.518041432	0	-0.173684418	0.450605065	-0.789444268	0	1.13367522	3.83985114	3.42341065	1
0.969987392	0.37379095	-5.01825598e-05	0	0.31883797	-0.827457309	-0.542449594	0	-0.173680559	0.450595021	-0.789426565	0	1.35810947	3.25758123	4.44352722	1
1.0133512	0.0370148122	-0.201817617	0	-0.204392672	0.271319121	-0.976519644	0	0.0162868239	0.902064323	0.247223288	0	1.58253872	2.67532444	5.46362066	1
0.730285525	0.181157723	-0.709116697	0	-0.731669664	0.205343425	-0.701053023	0	0.0162868258	0.902064443	0.247223005	0	1.5574702	1.28687584	5.08309698	1
0.18631579	-0.969162703	-0.161275655	0	-0.935814202	-0.225050926	0.271299869	0	-0.299228966	0.100376673	-0.94888705	0	1.53240168	-0.101573706	4.70257378	1
-0.0363611542	0.766269803	0.641489923	0	-0.370542854	-0.606494963	0.703464806	0	0.928103209	-0.212120622	0.305988878	0	-0.278557122	3.43140364	3.61335087	1
0.827382028	-0.632299721	-0.0124871256	0	-0.594826877	-0.771059632	-0.369009376	0	0.190188229	0.265893459	-0.862169981	0	-0.967198551	3.55647802	3.38670635	1
0.963325679	-0.384341508	0.0939715579	0	-0.332276672	-0.920131028	-0.357066393	0	0.190183938	0.26588726	-0.862150013	0	-1.21295905	3.21289158	4.5007987	1
1.01037371	0.0184671506	0.228575617	0	0.213301063	0.303521186	-0.96737808	0	-0.0757128	0.890555799	0.262723505	0	-1.45871389	2.86931324	5.6148653	1
0.889435709	-0.0793813542	0.525400162	0	0.524648488	0.293538541	-0.843813658	0	-0.0757127404	0.890556097	0.262723893	0	-1.34217751	1.49857807	5.21048355	1
0.417170495	0.89912045	0.132479995	0	0.908668518	-0.409912258	-0.0793271065	0	-0.0170194358	0.153473407	-0.988006055	0	-1.22564113	0.127842188	4.80610132	1
1	0	0	0	0	1	0	0	0	0	1	0	0	0	0	1
0.99999994	2.38181357e-07	1.06340341e-08	0	2.38418608e-07	-0.999004722	-0.0446024798	0	0	0.0446024872	-0.9990049	0	0	4.83969402	-0.412764132	1
1	2.38156076e-07	-1.20398402e-08	0	2.38418693e-07	-0.999493003	0.0318413116	0	0	-0.0318413116	-0.999492943	0	0	4.80532932	0.356935143	1
0.996541619	0.079371877	-0.0245984327	0	0.04806206	-0.792040944	-0.608573258	0	-0.0677865297	0.605285943	-0.793116093	0	0	4.85412884	1.88874245	1
0.990876853	0.133652791	0.0173115022	0	0.112713993	-0.751435757	-0.650108039	0	-0.0738803074	0.646128714	-0.759645462	0	0.0610877536	4.30865812	2.60348129	1
0.990877032	0.118463002	-0.0642593205	0	0.112521641	-0.989628255	-0.0893113911	0	-0.0741729364	0.0812660456	-0.993929684	0	0.135236755	3.66017962	3.36588955	1
0.990876913	0.0728104487	-0.113408051	0	0.114265025	-0.900068164	0.420502365	0	-0.0714580864	-0.429625005	-0.90017724	0	0.177039847	3.61437893	3.92605782	1
0.990876615	0.127502427	-0.0436565317	0	0.11426492	-0.966581821	-0.229489058	0	-0.0714581385	0.222407326	-0.972334087	0	0.215579316	3.84608841	4.41155005	1
0.990876615	0.099852547	-0.0905108303	0	0.114264898	-0.978558183	0.171373129	0	-0.0714582354	-0.180152252	-0.981042385	0	0.253708959	3.72741318	4.93038177	1
0.990877151	0.0998524427	-0.0905109942	0	0.125790492	-0.444206625	0.887051463	0	0.0483686663	-0.890344322	-0.452714622	0	0.295357049	3.83241153	5.50216389	1
-0.154291943	-0.985577226	0.0695082247	0	-0.752953529	0.162842274	0.637607634	0	-0.639730453	0.0460412167	-0.767219067	0	0	4.83969402	-0.412764102	1
-0.154292062	0.985577226	-0.0695083514	0	0.75295341	0.162842438	0.637607634	0	0.639730453	0.0460412055	-0.767219007	0	2.27271197e-08	4.83969402	-0.412764072	1
-0.211684957	-0.535303712	-0.562213838	0	-0.757900774	0.016418172	0.269743681	0	-0.322445512	1.15272093	-0.97613883	0	0.547514141	4.8175931	-0.374563813	1
-0.233732566	-0.534596205	-0.554095268	0	-0.751395404	0.0320445672	0.286047876	0	-0.322445363	1.15272045	-0.976138771	0	0.862543046	3.69138598	0.579122782	1
-0.316790015	0.494486183	-0.694287181	0	-0.838508308	-0.04770457	0.348619312	0	0.203673244	1.01291239	0.628485739	0	1.17757177	2.56517959	1.53280902	1
-0.401241422	0.486970782	-0.654806554	0	-0.801534235	-0.0982430428	0.418088645	0	0.203673258	1.01291227	0.62848562	0	0.949061096	1.42874515	0.827681065	1
0.996917009	4.54461915e-05	-0.0736127645	0	-0.0272553973	-0.928360045	-0.369684935	0	-0.068456918	0.371098846	-0.92686373	0	0.720550358	0.292310476	0.122553051	1
-1	5.77189257e-06	0	0	5.77189257e-06	1	0	0	0	0	-1	0	0.762687922	0.0638864785	0.693069279	1
-0.302545249	0.424800307	0.776402593	0	0.88326019	0.0932997316	0.293149114	0	0.0680707991	1.01202106	-0.527190924	0	-0.547514141	4.8175931	-0.374563903	1
-0.32821551	0.421894163	0.767508447	0	0.874047399	0.105665945	0.315698147	0	0.0680708885	1.01202095	-0.527191281	0	-0.614019215	3.82884955	0.140501052	1
-0.374471396	-0.168322891	0.832702577	0	0.849424779	-0.0894754753	0.363904953	0	0.0178378373	1.13543475	0.237539083	0	-0.680524409	2.84010625	0.655566335	1
-0.448882848	-0.1596535	0.796850026	0	0.812561035	-0.104159892	0.436864227	0	0.017837828	1.13543439	0.237539262	0	-0.700537503	1.56620777	0.389059901	1
0.99691689	-4.57294882e-05	0.0736126229	0	0.0272551868	-0.928359509	-0.369686186	0	0.0684568584	0.371100157	-0.926863432	0	-0.720550597	0.29230988	0.122553289	1
-0.99999994	0.000354327989	0	0	0.000354327989	0.99999994	0	0	0	0	-1	0	-0.7626881	0.0638852417	0.693068922	1
0.189926118	-0.745556653	-0.638807058	0	0.493589431	-0.48993814	0.718561888	0	-0.848703444	-0.451781988	0.274946779	0	0.52444762	3.70058966	3.33592486	1
0.864661634	0.542111099	0.18526414	0	0.548933864	-0.687992871	-0.548802376	0	-0.146919519	0.49784264	-0.771063089	0	1.16272128	4.00464249	3.13246226	1
0.982156694	0.332393825	0.0274708681	0	0.290449291	-0.810401618	-0.578584731	0	-0.146916255	0.497831345	-0.771045268	0	1.35257006	3.36133242	4.12882662	1
1.01765883	0.0489261188	-0.162316293	0	-0.168024823	0.159771085	-1.00529146	0	-0.0205242317	0.927118361	0.150777459	0	1.54241455	2.71803689	5.12516785	1
0.72523582	0.133397907	-0.72153163	0	-0.73341316	0.100625902	-0.718574643	0	-0.0205242354	0.927118421	0.150777504	0	1.57400525	1.2910254	4.89309263	1
0.18631579	-0.969162703	-0.161275655	0	-0.935814202	-0.225050926	0.271299869	0	-0.299228966	0.100376673	-0.94888705	0	1.60559595	-0.135987043	4.66101742	1
-0.0363611542	0.766269803	0.641489923	0	-0.370542854	-0.606494963	0.703464806	0	0.928103209	-0.212120622	0.305988878	0	-0.249511093	3.59619522	3.32240295	1
0.9178496	-0.477624387	-0.103892051	0	-0.472546756	-0.810554683	-0.448405325	0	0.111137629	0.393946469	-0.829233825	0	-0.938152373	3.72126961	3.0957582	1
1.01538575	-0.222389922	0.030435225	0	-0.18645297	-0.914159775	-0.459281594	0	0.111135118	0.39393732	-0.829214811	0	-1.08176398	3.21221352	4.16729069	1
1.00656426	0.13238591	0.197796509	0	0.162073761	0.248240501	-0.990923584	0	-0.157521039	0.899494171	0.19957225	0	-1.22537231	2.70316935	5.23879814	1
0.90568018	0.0482840426	0.497224867	0	0.468169063	0.277160823	-0.879670382	0	-0.157521099	0.899494648	0.199572653	0	-0.982917428	1.31867635	4.93161821	1
0.417170495	0.89912045	0.132479995	0	0.908668518	-0.409912258	-0.0793271065	0	-0.0170194358	0.153473407	-0.988006055	0	-0.740462422	-0.0658175945	4.62443781	1
