36
root	5.22920227	0	0	0	0.707106829	-0.707106829	0	0	-1	1	0	0	0	0	1	0	0	0	0	1	0	0	0	0	1
DEF-spine	0.77046597	0	4.43834925	5.17258167	0.680251122	0.732979119	8.10922813e-08	8.73779484e-08	0	1	2.38418664e-07	0	0	1.77662827e-08	-0.0745172948	-0.997219741	0	-2.37755771e-07	0.997219741	-0.0745172948	0	-9.23149202e-08	0.387197435	4.42179012	1
DEF-spine.001	1.53258443	0	0	0	0.999269307	-0.0382223167	0	0	1	1	2.38418664e-07	0	0	0	0.00187737483	-0.999998152	0	-2.38418252e-07	0.999998152	0.00187737483	0	0	-0.0105668092	5.2066617	1
DEF-spine.002	0.901178241	0	0	0	0.999887943	-0.0149697261	-1.19195974e-07	0	2	1	0	0	0	0	0.0318126082	-0.999493778	0	0	0.999493837	0.0318126045	0	0	-0.212309018	6.73590899	1
DEF-spine.003	1.00363684	0	0	0	0.999646842	0.0265777428	1.19167247e-07	0	3	1	2.3841875e-07	0	0	0	-0.0213421341	-0.999772191	0	-2.38364379e-07	0.999772072	-0.0213421378	0	-4.62057095e-08	0.193800539	7.63757992	1
DEF-spine.004	0.563589573	0	0	0	0.999999166	0.0012988121	-1.19209247e-07	0	4	1	0	0	0	0	-0.0239390954	-0.999713421	0	0	0.999713182	-0.023939101	0	0	0.21624653	8.64068508	1
DEF-spine.005	0.539329648	0	0	0	0.999928355	-0.0119704157	0	0	5	1	0	0	0	0	7.45057989e-08	-1.00000012	0	0	0.999999821	7.4505742e-08	0	0	-0.00415813504	9.20681381	1
DEF-spine.006	0.533594191	0	0	0	1	0	0	0	6	1	0	0	0	0	3.97333615e-08	-1	0	0	0.999999642	3.9733365e-08	0	0	-0.00415779604	9.74614239	1
DEF-spine.007	0.582831442	0	0	0	1	0	0	0	7	1	0	0	0	0	0	-0.999999762	0	0	0.999999404	0	0	0	-0.00415748591	10.2797337	1
DEF-spine.008	1.16325772	0	0	0	1	0	0	0	8	1	0	0	0	0	4.42124453e-08	-0.999999881	0	0	0.999999523	4.42124453e-08	0	0	-0.00415786123	10.862566	1
DEF-pelvis.L	0.519557238	0	-0.768323898	-0.0574130341	1	0	3.63215769e-08	0	1	-0.154291928	-0.75295347	-0.639730453	0	0.0399447717	0.642200768	-0.765495002	0	0.987217546	-0.14366357	-0.0690098777	0	-0.121391445	-2.85844541	3.39362645	1
DEF-pelvis.R	0.519557238	0	-0.768323898	-0.0574130341	1	-2.86804998e-08	-1.67638081e-08	0	1	-0.154292047	0.75295347	0.639730573	0	-0.0399448983	0.642200828	-0.765495002	0	-0.987217486	-0.143663749	-0.0690098777	0	0.121391989	-2.85844564	3.39362645	1
DEF-thigh.L	0.976998925	0.215137631	-0.360197544	-0.0126189049	0.0621719621	0.511175454	-0.0109884245	-0.85715431	10	-0.4696742	-0.877680302	-0.095347181	0	-0.0522900112	-0.0801556706	0.995409846	0	-0.881289899	0.472495675	-0.00824687164	0	0.46177423	0.855083346	-4.40339613	1
DEF-thigh.L.001	0.976998687	0	0	0	1	-3.43169475e-08	9.75565726e-08	0	12	-0.46967414	-0.877678156	-0.0953472331	0	-0.0522899963	-0.0801554397	0.995410264	0	-0.881289899	0.472499639	-0.00824684836	0	0.46177417	0.85508132	-3.42639875	1
DEF-shin.L	1.12194741	0	0	0	0.998350382	0.0574153215	0	0	13	-0.46967411	-0.882820249	0.00589834433	0	-0.05229	0.0344872214	0.998036325	0	-0.881289899	0.468443185	-0.0623604357	0	0.46177417	0.568642139	-2.53127694	1
DEF-shin.L.001	1.12194777	0	0	0	1	0	0	0	14	-0.469661206	-0.882826865	0.00589836482	0	-0.0522904992	0.0344864838	0.998036325	0	-0.881296694	0.46843037	-0.0623604432	0	0.461765826	0.568648756	-1.40932953	1
DEF-foot.L	0.615534127	0	0	0	0.458797038	-0.296209395	0.708947957	0.44627139	15	0.997288048	-0.0271710157	-0.0683973655	0	2.81296634e-05	-0.929213583	0.369542986	0	-0.073596634	-0.368542701	-0.926692963	0	-0.709613919	0.335513175	0.0552862063	1
DEF-toe.L	0.350281239	0	0	0	0.00691203866	0.0361695662	-0.981477678	0.188004166	16	-1	5.77189257e-06	0	0	5.77189257e-06	1	0	0	0	0	-1	0	0.762687683	-0.0638908669	0.693070233	1
DEF-thigh.R	0.976998925	-0.215137631	-0.360197544	-0.0126189049	0.0621719435	0.511174858	0.0109884152	0.857154667	11	-0.46967411	0.877680779	0.0953477919	0	0.0522900149	-0.0801564157	0.995409787	0	0.881289899	0.472494632	-0.00824655872	0	-0.46177426	0.855086803	-4.40339565	1
DEF-thigh.R.001	0.976998925	0	0	0	1	1.90649665e-08	-2.44473259e-08	0	18	-0.469673902	0.877678633	0.0953478292	0	0.0522900186	-0.0801561475	0.995410144	0	0.881290257	0.47249943	-0.00824657548	0	-0.461774141	0.855084658	-3.42639804	1
DEF-shin.R	1.12194777	0	0	0	0.998350382	0.0574152321	-1.04078445e-07	0	19	-0.469674081	0.88282007	-0.00589880394	0	0.0522899777	0.0344877429	0.998036146	0	0.88128978	0.468443334	-0.0623606443	0	-0.461774111	0.56864208	-2.5312767	1
DEF-shin.R.001	1.12194765	0	0	0	1	0	0	0	20	-0.469661117	0.882827222	-0.00589877041	0	0.0522905625	0.0344869457	0.998036563	0	0.881296992	0.468430102	-0.0623607114	0	-0.461765945	0.568649113	-1.40932941	1
DEF-foot.R	0.61553365	0	0	0	0.45879674	-0.296208829	-0.708948016	-0.446271956	21	0.997288167	0.0271707978	0.0683973134	0	-2.83997506e-05	-0.929213166	0.369544297	0	0.0735964999	-0.368544012	-0.926692486	0	0.709614217	0.335512608	0.0552859269	1
DEF-toe.R	0.350281179	0	0	0	0.00708917994	0.036135681	0.981476486	-0.18801038	22	-0.99999994	0.000354327989	0	0	0.000354327989	0.99999994	0	0	0	0	-1	0	-0.76271081	-0.0636151135	0.693069458	1
DEF-shoulder.L	0.710771859	0.390542328	-3.40325737	0.0190559905	1	2.09647553e-08	2.10478831e-07	1.98182537e-08	9	0.0774893612	0.436044157	-0.896582842	0	-0.0107885581	0.899600804	0.436579496	0	0.996934474	-0.0241570808	0.0744139329	0	0.0396198593	-7.92660236	-3.41601086	1
DEF-upper_arm.L	1.29219568	0.0322999954	0.00703525543	0.0221503917	0.559946418	0.160497427	0.795973003	0.16470474	24	-0.834094286	0.326585561	-0.392887086	0	-0.474794745	-0.484248728	0.766882241	0	0.0556367189	0.763599396	0.654365361	0	4.83460665	3.68813992	-5.9584918	1
DEF-upper_arm.L.001	1.29219556	0	0	0	1	0	-1.34110408e-07	-3.20724318e-08	25	-0.888919652	0.110342532	-0.392895818	0	-0.340403438	-0.586551011	0.766899765	0	-0.134780362	0.753658473	0.654379785	0	3.77325368	4.7683897	-4.66640329	1
DEF-forearm.L	1.53919017	0	0	0	0.999953866	0.00960492343	-1.04303275e-07	0	26	-0.881853878	-0.3763749	0.134978056	0	-0.134250492	0.564780653	0.85586977	0	-0.372139663	0.688144028	-0.628612995	0	2.04892755	-2.01771498	-6.84424543	1
DEF-forearm.L.001	1.53919113	0	0	0	1	0	0	0	27	-0.945126772	-0.161433399	0.134978071	0	0.00049220823	0.580517352	0.855869651	0	-0.20227091	0.755722761	-0.628613055	0	1.52470219	-2.4381485	-5.30505466	1
DEF-hand.L	0.670059621	0	0	0	0.999727786	-0.0218623374	0.00017830338	0.00814744364	28	-0.884266734	-0.109242894	0.454025209	0	0.453475922	0.031266775	0.890720129	0	-0.111500643	0.99352318	0.0218908731	0	-0.552100539	-0.199450895	-4.56985235	1
DEF-shoulder.R	0.710771918	-0.390542328	-3.40325737	0.0190559905	1	0	-2.10478859e-07	0	9	0.0774893537	-0.436044127	0.896582961	0	0.0107885497	0.899600804	0.436579525	0	-0.996934652	-0.0241570808	0.0744140595	0	-0.0396198146	-7.92660284	-3.41601086	1
DEF-upper_arm.R	1.29219592	-0.0322999954	0.00703525543	0.0221503787	0.559946418	0.160497397	-0.795973003	-0.16470468	30	-0.864739954	-0.260702401	0.374584913	0	0.422637433	-0.462004185	0.81900996	0	-0.0375370532	0.803985834	0.592101395	0	-4.43304634	3.57322836	-6.41202784	1
DEF-upper_arm.R.001	1.29219556	0	0	0	1	1.3333481e-08	1.49011598e-07	1.24325741e-08	31	-0.901195526	-0.0597376302	0.374593347	0	0.308019757	-0.545147002	0.819028616	0	0.144068077	0.791853309	0.592115104	0	-3.51678777	4.47787046	-5.11994791	1
DEF-forearm.R	1.53919065	0	0	0	0.999953866	0.0096049225	2.98009368e-08	0	32	-0.887950838	0.381177872	-0.070784837	0	0.147923112	0.483866572	0.909134328	0	0.357140124	0.747304142	-0.552543461	0	-2.16925025	-1.43206239	-6.77289486	1
DEF-forearm.R.001	1.53919089	0	0	0	1	0	0	0	33	-0.936454773	0.238339439	-0.0707848072	0	0.070815362	0.500992298	0.909133613	0	0.236483634	0.793780982	-0.552543163	0	-1.91994262	-1.75221825	-5.23370171	1
DEF-hand.R	0.670060217	0	0	0	0.999727786	-0.0218623243	-0.000178169343	-0.00814743619	34	-0.92413348	0.25830254	-0.28152743	0	-0.367694587	-0.401039094	0.839028478	0	0.103819594	0.878890038	0.465589911	0	-0.106640846	1.9072783	-3.94478083	1
