36	10	MATRIX4
1	0	0	0	0	1	0	0	0	0	1	0	0	0	0	1
0.999999881	2.3841524e-07	0	0	2.38418608e-07	-0.999985695	-0.00531126	0	0	0.0053112614	-0.999985933	0	0	4.82455778	-0.413142204	1
0.99999994	2.37815371e-07	-1.69498033e-08	0	2.38418664e-07	-0.997469604	0.0710924864	0	0	-0.0710925013	-0.997469783	0	0	4.82046556	0.357312918	1
0.99675864	0.0757473111	-0.0271114428	0	0.0475579612	-0.826552868	-0.560846508	0	-0.0648916438	0.557739079	-0.827475846	0	0	4.92942095	1.88601959	1
0.991349876	0.13083075	0.0104401745	0	0.110472813	-0.788846433	-0.60458082	0	-0.0708620399	0.600504339	-0.796475887	0	0.0584789366	4.42679882	2.63172293	1
0.991363525	0.112071089	-0.0681072474	0	0.108955935	-0.992894113	-0.047861699	0	-0.0729872063	0.0400276594	-0.996530056	0	0.129598692	3.82411051	3.4310956	1
0.991244197	0.0660257339	-0.114350088	0	0.110564731	-0.888462961	0.445432961	0	-0.0721857324	-0.454175621	-0.887983322	0	0.170733511	3.80155134	3.99272966	1
0.991378188	0.121740341	-0.0484632999	0	0.110901445	-0.97655797	-0.184490845	0	-0.0697871447	0.177525401	-0.98163867	0	0.209665418	4.04650164	4.47164536	1
0.991319478	0.0930249169	-0.0929038301	0	0.110509433	-0.972394288	0.205517724	0	-0.0712209716	-0.214000687	-0.974234521	0	0.246903434	3.95177507	4.99544191	1
0.991319358	0.0930247977	-0.0929039121	0	0.124446161	-0.436037183	0.891283095	0	0.0424019024	-0.895108402	-0.443829	0	0.288413256	4.07650137	5.56325626	1
-0.154291943	-0.982084453	0.108183913	0	-0.752953529	0.187771961	0.630715966	0	-0.639730453	0.0158569422	-0.768435717	0	0	4.82455778	-0.413142174	1
-0.154292062	0.982084453	-0.10818404	0	0.75295341	0.187772125	0.630716026	0	0.639730453	0.0158569328	-0.768435597	0	2.27271197e-08	4.82455778	-0.413142145	1
-0.218467176	-0.53287971	-0.569804966	0	-0.761711001	0.0178094301	0.275400788	0	-0.317089766	1.14710665	-0.951195955	0	0.54751426	4.80397511	-0.37410298	1
-0.239753783	-0.532170951	-0.561853707	0	-0.75528276	0.03275159	0.291277587	0	-0.317089796	1.14710581	-0.951195836	0	0.857310653	3.68325329	0.555214405	1
-0.322721839	0.485813707	-0.703985155	0	-0.841718256	-0.0466210842	0.353689224	0	0.199009016	1.01174927	0.606968939	0	1.16710699	2.56253242	1.4845314	1
-0.404633135	0.478792101	-0.665424526	0	-0.805550396	-0.0945865139	0.421783596	0	0.199008897	1.01174927	0.606968939	0	0.943829358	1.42740297	0.803544164	1
0.996931076	4.48246974e-05	-0.0736122429	0	-0.0272521265	-0.928392887	-0.369640648	0	-0.0684547797	0.371038795	-0.92685765	0	0.720551789	0.292273164	0.122556746	1
-1	5.77189257e-06	0	0	5.77189257e-06	1	0	0	0	0	-1	0	0.762688041	0.0638861209	0.693069279	1
-0.30840826	0.419127852	0.780494213	0	0.88410002	0.092836611	0.299505711	0	0.0685410425	1.01044047	-0.515526056	0	-0.54751426	4.80397511	-0.37410295	1
-0.333092988	0.416358143	0.771783173	0	0.875099659	0.104558013	0.321283102	0	0.0685410723	1.01044047	-0.515526354	0	-0.614478767	3.8167758	0.129565477	1
-0.37794596	-0.16228956	0.835282147	0	0.850785613	-0.0871843621	0.368021905	0	0.0174289457	1.13075876	0.227584764	0	-0.681443334	2.82957649	0.633234143	1
-0.450177401	-0.154133394	0.800288141	0	0.814874291	-0.100906178	0.438948125	0	0.0174289513	1.13075829	0.227585182	0	-0.70099771	1.56092417	0.377895921	1
0.996930957	-4.50738917e-05	0.0736120045	0	0.0272519179	-0.928392351	-0.36964193	0	0.0684546232	0.371040076	-0.926857293	0	-0.720552087	0.292272568	0.122557253	1
-0.99999994	0.000354327989	0	0	0.000354327989	0.99999994	0	0	0	0	-1	0	-0.76268822	0.0638849139	0.6930691	1
0.187696755	-0.782592714	-0.593565345	0	0.491179764	-0.448536217	0.74669826	0	-0.850595593	-0.431699872	0.300204605	0	0.518981099	3.8612659	3.39920759	1
0.90505898	0.499156564	0.0916326717	0	0.451046079	-0.705288172	-0.613034546	0	-0.208214283	0.514265358	-0.744851172	0	1.15854299	4.15047407	3.17884874	1
0.992267132	0.29430142	-0.0741827115	0	0.194945991	-0.812399864	-0.615397215	0	-0.208209485	0.514253676	-0.744834721	0	1.42759657	3.4859426	4.14134216	1
0.997343063	0.0204876438	-0.264649242	0	-0.263391674	0.20400387	-0.976810992	0	0.029947497	0.920120358	0.18408905	0	1.69664395	2.82142639	5.10381413	1
0.682461798	0.130468994	-0.763136089	0	-0.773508191	0.158162385	-0.664697409	0	0.0299475808	0.920120478	0.184089392	0	1.65054905	1.40518618	4.82046604	1
0.145250648	-0.970798433	-0.190924957	0	-0.937903404	-0.196545199	0.28584379	0	-0.315022081	0.137550279	-0.939063847	0	1.60445404	-0.0110551119	4.53711748	1
-0.0340585075	0.802868426	0.595183313	0	-0.373365074	-0.562632024	0.737593591	0	0.927059233	-0.197098985	0.318925321	0	-0.255347073	3.75907636	3.3910532	1
0.948264539	-0.426519841	-0.0240532476	0	-0.380255431	-0.816038668	-0.520759106	0	0.173052564	0.42985341	-0.799949765	0	-0.943333626	3.87308407	3.15671372	1
1.01634681	-0.185138032	0.120381676	0	-0.10422717	-0.90198797	-0.507230878	0	0.173048645	0.429843366	-0.799931467	0	-1.16695142	3.31762934	4.19040537	1
0.981502056	0.147586018	0.291632295	0	0.237908497	0.310333401	-0.957742095	0	-0.202441975	0.881363809	0.235297143	0	-1.39056408	2.76218772	5.22407341	1
0.873493254	0.0533553027	0.551670015	0	0.506908238	0.339472175	-0.835451365	0	-0.202442005	0.881364226	0.23529692	0	-1.07896733	1.40560079	4.86190605	1
0.390476257	0.90329057	0.177747458	0	0.920492172	-0.386202633	-0.0595069565	0	0.0148944808	0.186851293	-0.982275188	0	-0.767370462	0.0490130186	4.49973917	1
1	0	0	0	0	1	0	0	0	0	1	0	0	0	0	1
0.999999881	2.37121782e-07	-2.48332572e-08	0	2.38418608e-07	-0.994560659	0.104158103	0	0	-0.104158111	-0.994560778	0	0	4.78238678	-0.411052406	1
1	2.34531996e-07	-4.28742801e-08	0	2.38418693e-07	-0.98369813	0.179827586	0	0	-0.179827571	-0.98369807	0	0	4.86263704	0.355222821	1
0.997306645	0.0656093135	-0.0327971205	0	0.0458802432	-0.906844854	-0.418962747	0	-0.0572296642	0.416328907	-0.907410979	0	0	5.13823795	1.86282313	1
0.992584825	0.121355705	-0.00692235818	0	0.104044937	-0.87768352	-0.467810839	0	-0.0628471822	0.463621914	-0.883802235	0	0.0515741296	4.76305151	2.68056202	1
0.992628634	0.0940531939	-0.0764353946	0	0.0993057564	-0.992724717	0.0680959672	0	-0.0694746524	-0.0751844719	-0.994746804	0	0.114649877	4.29774332	3.56757855	1
0.992246807	0.0475736447	-0.114818789	0	0.100325361	-0.851886213	0.514030039	0	-0.0733582526	-0.521563828	-0.850054145	0	0.153805062	4.3401165	4.12820768	1
0.992675662	0.105139822	-0.0595077686	0	0.101759106	-0.99316144	-0.0572510771	0	-0.0651202127	0.0507763028	-0.996586323	0	0.193369344	4.62141132	4.58666706	1
0.992490411	0.0741686821	-0.0972715989	0	0.100295469	-0.948650122	0.300008118	0	-0.0700256079	-0.307511538	-0.948966384	0	0.228117108	4.59431744	5.11843967	1
0.992491007	0.0741686821	-0.0972716808	0	0.119304582	-0.411391467	0.903617978	0	0.0270034093	-0.908437371	-0.417150855	0	0.268930227	4.77354479	5.67152691	1
-0.154291943	-0.96434617	0.215012491	0	-0.752953529	0.255669057	0.606378019	0	-0.639730453	-0.0683351457	-0.765555501	0	0	4.78238678	-0.411052376	1
-0.154292062	0.964346111	-0.215012625	0	0.75295341	0.255669206	0.606378078	0	0.639730453	-0.0683351457	-0.765555322	0	2.27271197e-08	4.78238678	-0.411052346	1
-0.23719196	-0.524659932	-0.591665506	0	-0.772354364	0.0211415328	0.290891677	0	-0.301589727	1.13216329	-0.883042812	0	0.547514081	4.76620054	-0.369995147	1
-0.256478697	-0.523965061	-0.584187567	0	-0.766166449	0.0342846476	0.305629283	0	-0.301589608	1.13216293	-0.883042455	0	0.842166901	3.66007829	0.492736727	1
-0.339003682	0.460392624	-0.730110466	0	-0.850374758	-0.0437042825	0.367285728	0	0.185510933	1.0079397	0.549449801	0	1.1368196	2.55395651	1.35546803	1
-0.414224803	0.454584181	-0.694058299	0	-0.816381335	-0.0849974304	0.431558877	0	0.185510933	1.00793982	0.549449861	0	0.928686082	1.42310119	0.739014268	1
0.996942103	4.45798105e-05	-0.0736124367	0	-0.0272496901	-0.928417921	-0.369607657	0	-0.0684537217	0.370993525	-0.926852286	0	0.720552504	0.292245388	0.122560203	1
-1	5.77189257e-06	0	0	5.77189257e-06	1	0	0	0	0	-1	0	0.7626881	0.0638862103	0.693069398	1
-0.324050009	0.402638674	0.791859031	0	0.886405051	0.090918012	0.316523373	0	0.0693532526	1.00618219	-0.483234882	0	-0.5475142	4.76620007	-0.369995058	1
-0.346168488	0.400233269	0.783675849	0	0.878005207	0.100980386	0.336269617	0	0.0693533346	1.00618219	-0.483235061	0	-0.615272284	3.78316116	0.1021249	1
-0.387252271	-0.145883381	0.842156947	0	0.854587257	-0.0810338929	0.378930926	0	0.0167220477	1.1176455	0.201294467	0	-0.683030427	2.80012226	0.574245036	1
-0.453774512	-0.13900134	0.809470296	0	0.821201921	-0.0923428014	0.444494128	0	0.0167219732	1.11764514	0.20129481	0	-0.701791704	1.54618239	0.348403156	1
0.996942639	-4.47641687e-05	0.0736120865	0	0.0272493046	-0.928419054	-0.369606555	0	0.0684533715	0.370991647	-0.92685169	0	-0.720552862	0.292243004	0.122560918	1
-0.99999994	0.000354327989	0	0	0.000354327989	0.99999994	0	0	0	0	-1	0	-0.76268822	0.0638851672	0.693069339	1
0.181300193	-0.870456159	-0.45764336	0	0.484792531	-0.325775594	0.811694086	0	-0.855632126	-0.369022399	0.362927347	0	0.504463851	4.32551432	3.53166485	1
0.946115494	0.372607112	-0.208355308	0	0.124919765	-0.726055384	-0.731177866	0	-0.365038574	0.573551059	-0.631898761	0	1.14744413	4.56894016	3.26982737	1
0.950038016	0.200250566	-0.367062777	0	-0.0904905796	-0.79114306	-0.665816367	0	-0.365030229	0.573538184	-0.631884456	0	1.61914539	3.82780004	4.08636427	1
0.885016501	-0.0218687039	-0.531109631	0	-0.501941025	0.305132389	-0.848975539	0	0.159007549	0.896115482	0.228064805	0	2.09083581	3.0866766	4.90288258	1
0.539883435	0.125854328	-0.87091738	0	-0.862395108	0.278827429	-0.494307727	0	0.159007654	0.89611578	0.228064835	0	1.84609294	1.70738447	4.55184746	1
0.0239329636	-0.962276399	-0.271018744	0	-0.936046183	-0.116768405	0.331937134	0	-0.351061702	0.245741919	-0.903530061	0	1.60134983	0.328091025	4.20081234	1
-0.0274705514	0.889263451	0.456570506	0	-0.380829245	-0.431608319	0.817731082	0	0.924237072	-0.151411802	0.350514114	0	-0.270828873	4.23072529	3.53707218	1
0.969427586	-0.292173505	0.237980023	0	-0.0761117712	-0.795131624	-0.666155219	0	0.328008622	0.536351979	-0.677673519	0	-0.957051098	4.31163979	3.28450513	1
0.961610973	-0.105219901	0.382163286	0	0.144601852	-0.840562463	-0.595281661	0	0.328001112	0.536339402	-0.677657783	0	-1.38090253	3.61856794	4.16019201	1
0.87234652	0.144904763	0.53692019	0	0.43471247	0.445267528	-0.826456726	0	-0.313259184	0.833158553	0.28410542	0	-1.80474412	2.92551255	5.03585815	1
0.755609453	0.0436023213	0.705281138	0	0.615643501	0.466217667	-0.688397884	0	-0.313259304	0.833159089	0.284105152	0	-1.32257855	1.64312267	4.59856558	1
0.303036988	0.903066814	0.304365963	0	0.947518826	-0.319659233	0.00506107137	0	0.101863891	0.286858827	-0.952541649	0	-0.840412676	0.36073184	4.16127348	1
1	0	0	0	0	1	0	0	0	0	1	0	0	0	0	1
0.99999994	2.29583648e-07	-6.43022346e-08	0	2.38418636e-07	-0.962943494	0.269702971	0	0	-0.269703001	-0.962943614	0	0	4.71861267	-0.398872316	1
1	2.22866547e-07	-8.47639825e-08	0	2.38418693e-07	-0.939527452	0.342473626	0	0	-0.342473596	-0.939527392	0	0	4.92640972	0.34304297	1
0.998007834	0.050366763	-0.0379972942	0	0.0426063761	-0.982210279	-0.182888284	0	-0.0465327837	0.180904806	-0.98239851	0	0	5.45127964	1.78294802	1
0.994264662	0.103192367	-0.0280924048	0	0.0936853811	-0.967077732	-0.236610115	0	-0.0515838973	0.232621238	-0.971198857	0	0.0419343375	5.28825235	2.66826415	1
0.994335771	0.0668098181	-0.082669802	0	0.0852207914	-0.965921581	0.244406238	0	-0.0635237098	-0.250066638	-0.966142476	0	0.093705833	5.05478525	3.64299512	1
0.993718088	0.0214557592	-0.109840095	0	0.0849291608	-0.783738673	0.615256906	0	-0.0728851482	-0.620720804	-0.780637741	0	0.129507124	5.1957202	4.18750286	1
0.994409978	0.079132475	-0.0699068308	0	0.0882884115	-0.986287653	0.139436737	0	-0.0579142794	-0.144829288	-0.987760961	0	0.168816239	5.53049326	4.60852385	1
0.994113207	0.0466562398	-0.0977861583	0	0.0853086784	-0.893456519	0.440974087	0	-0.0667935237	-0.446720451	-0.892177701	0	0.199718967	5.6077733	5.13558722	1
0.994113147	0.0466561876	-0.0977861509	0	0.108118273	-0.368650496	0.923259079	0	0.00702684792	-0.928397834	-0.371525258	0	0.238648325	5.86813593	5.65557623	1
-0.154291943	-0.914541423	0.373908788	0	-0.752953529	0.353871644	0.554829538	0	-0.639730453	-0.195930213	-0.743206739	0	0	4.71861267	-0.398872286	1
-0.154292062	0.914541364	-0.373908877	0	0.75295341	0.353871793	0.554829538	0	0.639730453	-0.195930183	-0.74320662	0	2.27271197e-08	4.71861267	-0.398872256	1
-0.265716165	-0.507209599	-0.627364457	0	-0.788766623	0.0246576816	0.314152688	0	-0.276414335	1.11109829	-0.781223714	0	0.5475142	4.70955038	-0.35567978	1
-0.282229841	-0.506579816	-0.620625436	0	-0.7830109	0.0353064984	0.327261508	0	-0.276414335	1.11109769	-0.781223655	0	0.817570686	3.62400866	0.407574922	1
-0.363242805	0.4175798	-0.767572343	0	-0.86274153	-0.0395163298	0.386782706	0	0.163588971	1.00102103	0.467165887	0	1.08762717	2.53846765	1.17082942	1
-0.429129779	0.413251132	-0.73522526	0	-0.831935108	-0.0718180165	0.445209563	0	0.163588926	1.00102091	0.467165858	0	0.904088974	1.41537476	0.646693885	1
0.996929169	4.55099798e-05	-0.0736138225	0	-0.0272529498	-0.928386569	-0.369651794	0	-0.0684565231	0.371051967	-0.926856101	0	0.720550776	0.292281628	0.122558177	1
-1	5.77189257e-06	0	0	5.77189257e-06	1	0	0	0	0	-1	0	0.7626881	0.0638864785	0.693069756	1
-0.346386701	0.374987483	0.809172451	0	0.889758468	0.0861112103	0.340989828	0	0.069446601	1.0002383	-0.433803052	0	-0.5475142	4.70955038	-0.355679691	1
-0.364997953	0.373096228	0.801832259	0	0.882288516	0.0939661637	0.357905477	0	0.0694465786	1.0002383	-0.433803022	0	-0.615363479	3.73231864	0.0681454241	1
-0.400606364	-0.121699318	0.851842046	0	0.860373735	-0.072188288	0.394305766	0	0.0166399609	1.09755993	0.164629549	0	-0.683212698	2.7550869	0.491970509	1
-0.459244102	-0.116406679	0.822481453	0	0.830556333	-0.0804452971	0.452367246	0	0.0166398697	1.09755981	0.164629921	0	-0.701881886	1.523682	0.307264745	1
0.996930361	-4.57360657e-05	0.0736136213	0	0.0272524226	-0.928389072	-0.369648725	0	0.0684562698	0.371047437	-0.926855206	0	-0.720550954	0.292277336	0.122558594	1
-0.99999994	0.000354327989	0	0	0.000354327989	0.99999994	0	0	0	0	-1	0	-0.7626881	0.0638851523	0.69306916	1
0.170984387	-0.958560824	-0.227874383	0	0.475849807	-0.12217816	0.870999336	0	-0.862746716	-0.257360995	0.43524006	0	0.484060764	5.0678668	3.60468125	1
0.767913759	0.214170635	-0.663353801	0	-0.383519173	-0.694332123	-0.668143094	0	-0.521806061	0.663390338	-0.389872402	0	1.13183951	5.23110771	3.29650331	1
0.704518557	0.111701973	-0.752861142	0	-0.490356326	-0.717983723	-0.565396905	0	-0.52179426	0.663375676	-0.389863789	0	1.80611503	4.37387753	3.80029488	1
0.60637933	-0.0134264352	-0.834423542	0	-0.772764027	0.380395532	-0.567691743	0	0.287032425	0.873416245	0.194533885	0	2.48037529	3.51666641	4.30407524	1
0.26520434	0.132900104	-0.987999499	0	-0.945794165	0.356677264	-0.205896974	0	0.287032604	0.873416126	0.194533914	0	2.0385778	2.17231274	4.00465059	1
-0.177057579	-0.907509685	-0.380889058	0	-0.908528745	0.00189500605	0.417817801	0	-0.378451973	0.420026571	-0.824834406	0	1.59677982	0.827958345	3.70522571	1
-0.016894374	0.974553227	0.223520651	0	-0.39123708	-0.212170839	0.895498335	0	0.920135081	-0.072320357	0.384865552	0	-0.292544216	4.98726511	3.62662411	1
0.791923344	-0.160816237	0.653510273	0	0.399284154	-0.70010078	-0.656133652	0	0.482644349	0.669091046	-0.420217663	0	-0.976217449	5.01231718	3.35606575	1
0.728570342	-0.061696548	0.738568962	0	0.505741	-0.715687275	-0.558679342	0	0.482633203	0.669075668	-0.420208067	0	-1.59988856	4.14772034	3.89906931	1
0.6254071	0.0641764849	0.820500135	0	0.684056938	0.532456398	-0.563053608	0	-0.414331436	0.800086379	0.253234714	0	-2.22354507	3.28314376	4.44206047	1
0.502379358	-0.0256500449	0.903011322	0	0.778898299	0.53569597	-0.418113947	0	-0.414331585	0.800086558	0.253234774	0	-1.58580995	2.05165815	4.05228376	1
0.131324694	0.861989558	0.489619851	0	0.966337979	-0.221530497	0.130821913	0	0.221232876	0.455958188	-0.862065911	0	-0.94807452	0.820172191	3.66250706	1
1	0	0	0	0	1	0	0	0	0	1	0	0	0	0	1
0.99999994	2.10710823e-07	-1.11554392e-07	0	2.38418608e-07	-0.883785069	0.467892796	0	0	-0.467892855	-0.883785188	0	0	4.64226341	-0.368377745	1
0.99999994	2.00171968e-07	-1.2954348e-07	0	2.38418693e-07	-0.845460773	0.534037232	0	0	-0.534037292	-0.845460773	0	0	5.00275898	0.312548637	1
0.998698175	0.0326808728	-0.0391696878	0	0.037426509	-0.991159678	0.127289012	0	-0.0346634574	-0.128589168	-0.991091371	0	0	5.82121611	1.60828865	1
0.996050537	0.076665327	-0.0447838269	0	0.0797836781	-0.994166374	0.0725823268	0	-0.038958054	-0.0758687481	-0.996357381	0	0.031237958	5.93709803	2.50143862	1
0.99612993	0.035564661	-0.0803796574	0	0.068485193	-0.887266636	0.456145525	0	-0.0550955087	-0.459884882	-0.886268258	0	0.0703376979	6.01324272	3.50141954	1
0.995432198	-0.00559087051	-0.0953032374	0	0.0662813857	-0.677990556	0.73207587	0	-0.068707779	-0.735050261	-0.674524486	0	0.101388954	6.27242899	4.00091124	1
0.996213257	0.047940705	-0.0725305155	0	0.0720260069	-0.922319531	0.379655868	0	-0.0486953855	-0.383442611	-0.922280729	0	0.138445094	6.6688633	4.36470222	1
0.995880306	0.016654253	-0.0891337544	0	0.067504257	-0.79248476	0.606144309	0	-0.0605423599	-0.609665155	-0.79034555	0	0.164428666	6.87346601	4.85682583	1
0.995880663	0.0166541897	-0.0891338736	0	0.0899254754	-0.307640135	0.947244227	0	-0.0116455723	-0.951357961	-0.307870567	0	0.199714661	7.22879791	5.31746387	1
-0.154291943	-0.814373374	0.559454799	0	-0.752953529	0.463545024	0.467104822	0	-0.639730453	-0.349173009	-0.684706509	0	0	4.64226341	-0.368377715	1
-0.154292062	0.814373255	-0.559454918	0	0.75295341	0.463545203	0.467104852	0	0.639730453	-0.34917295	-0.68470639	0	2.27271197e-08	4.64226341	-0.368377715	1
-0.301728934	-0.474759042	-0.676250756	0	-0.809560061	0.0258550588	0.343068033	0	-0.242846534	1.08733666	-0.655007184	0	0.547514141	4.64257288	-0.32424596	1
-0.315241933	-0.4742603	-0.670412123	0	-0.804396451	0.0337983817	0.354339689	0	-0.242846489	1.08733582	-0.655007243	0	0.784774959	3.58024597	0.315695375	1
-0.392156899	0.356286347	-0.809932709	0	-0.876409352	-0.0344450809	0.409192026	0	0.134358242	0.991862237	0.371262282	0	1.0220356	2.51792026	0.955636621	1
-0.447440207	0.353351891	-0.782085598	0	-0.849516213	-0.057175599	0.460186154	0	0.134358287	0.991861939	0.371262461	0	0.87129271	1.40510297	0.539099872	1
0.996931136	4.62169155e-05	-0.0736157522	0	-0.0272536669	-0.9283849	-0.36966145	0	-0.0684578866	0.371059358	-0.92684859	0	0.720549703	0.292285681	0.122562796	1
-1	5.77189257e-06	0	0	5.77189257e-06	1	0	0	0	0	-1	0	0.762687862	0.0638859868	0.693069696	1
-0.372135103	0.335076004	0.830586374	0	0.893450916	0.0762718916	0.369543135	0	0.0683489814	0.994140983	-0.370434403	0	-0.547514141	4.6425724	-0.3242459	1
-0.386987656	0.33375743	0.82430619	0	0.887120187	0.0818492398	0.383342952	0	0.0683490783	0.994140863	-0.370434672	0	-0.614291012	3.67129779	0.0376681089	1
-0.416073412	-0.0924212262	0.862590015	0	0.867385626	-0.061600823	0.411786228	0	0.0175953377	1.07301795	0.123454437	0	-0.681068003	2.70002317	0.399582386	1
-0.465839773	-0.0886805058	0.837168097	0	0.841705799	-0.0668743923	0.461280823	0	0.0175953433	1.07301772	0.123454735	0	-0.700809062	1.49615312	0.261072963	1
0.996931851	-4.65097801e-05	0.0736156851	0	0.0272532385	-0.92838639	-0.369659811	0	0.0684578344	0.371056795	-0.926847935	0	-0.72055012	0.292283416	0.122563213	1
-0.99999994	0.000354327989	0	0	0.000354327989	0.99999994	0	0	0	0	-1	0	-0.76268822	0.0638854653	0.693069339	1
0.15713118	-0.984385908	0.07934203	0	0.465882063	0.144724756	0.872931659	0	-0.870783567	-0.100200623	0.481348395	0	0.461185575	6.00886488	3.46627975	1
0.286603093	0.0946993977	-0.989371717	0	-0.771103024	-0.628471613	-0.283530056	0	-0.5665856	0.737376392	-0.0935503617	0	1.11433387	6.06126356	3.13177991	1
0.247858346	0.0632920042	-1.00227261	0	-0.784425139	-0.632414579	-0.233921379	0	-0.566572785	0.737359405	-0.0935482457	0	1.84647334	5.10842896	3.25266528	1
0.201646611	0.0269577671	-1.00877857	0	-0.946665823	0.361385614	-0.179573536	0	0.320738345	0.883782029	0.0877304375	0	2.57859612	4.15561628	3.37354803	1
-0.10749881	0.139658451	-1.01388443	0	-0.961915493	0.334397495	0.14805074	0	0.320738345	0.883782268	0.0877306089	0	2.08491874	2.79530764	3.23851418	1
-0.437103659	-0.760455132	-0.480258256	0	-0.827110589	0.130108267	0.546771944	0	-0.353310019	0.636222839	-0.685851634	0	1.59124112	1.4349978	3.1034801	1
-0.00276440615	0.9962672	-0.0862825066	0	-0.402762234	0.0778660029	0.911987066	0	0.915300548	0.0372726321	0.401043475	0	-0.316814333	5.94898319	3.5012598	1
0.333814472	-0.0968932137	0.976172447	0	0.78484571	-0.592207968	-0.327169776	0	0.52892375	0.759265125	-0.105508782	0	-0.997509539	5.89871788	3.22673154	1
0.300484776	-0.0718796104	0.989090502	0	0.798210919	-0.595768929	-0.285791814	0	0.52891165	0.759247363	-0.105506547	0	-1.68098259	4.91759872	3.36306953	1
0.259267837	-0.0421089418	0.996699154	0	0.886587322	0.481821477	-0.210268736	0	-0.417628884	0.831202626	0.143753305	0	-2.36443996	3.9365027	3.49940467	1
0.113049522	-0.119181402	1.0175544	0	0.916774869	0.468743742	-0.0469511375	0	-0.417629093	0.831203043	0.143753201	0	-1.7216295	2.65712333	3.27814102	1
-0.139393762	0.727080166	0.672252536	0	0.936878502	-0.123006411	0.327303618	0	0.320667386	0.675443172	-0.664039671	0	-1.07881856	1.37774312	3.05687737	1
1	0	0	0	0	1	0	0	0	0	1	0	0	0	0	1
1	1.78330225e-07	-1.58245854e-07	0	2.38418636e-07	-0.747971058	0.663730979	0	0	-0.663730979	-0.747971117	0	0	4.56682014	-0.31605804	1
1	1.64342367e-07	-1.72738865e-07	0	2.38418693e-07	-0.695083737	0.718928516	0	0	-0.718928456	-0.695083737	0	0	5.07820225	0.260228276	1
0.999262989	0.0164206922	-0.034696348	0	0.0304519534	-0.889410734	0.456093431	0	-0.0233699344	-0.456813812	-0.889255226	0	0	6.18002081	1.32550275	1
0.997641504	0.0467649624	-0.0502416492	0	0.0632040799	-0.911350787	0.406747878	0	-0.0267662387	-0.408964336	-0.912157714	0	0.0210604798	6.59169149	2.12688017	1
0.997708678	0.008318129	-0.0671473145	0	0.050954897	-0.745292842	0.664786994	0	-0.0445146263	-0.666685104	-0.744008899	0	0.0479240641	7.00214338	3.0423553	1
0.997114003	-0.0251864791	-0.0716194808	0	0.0468865968	-0.537663996	0.841854036	0	-0.0597106107	-0.842783213	-0.534931898	0	0.0730120391	7.3778801	3.46167088	1
0.997779191	0.0190747231	-0.0638215095	0	0.0545934215	-0.783136845	0.619447947	0	-0.0381651744	-0.621556461	-0.782438993	0	0.105215743	7.83241796	3.75017548	1
0.997495949	-0.00748238713	-0.0703252032	0	0.0490578301	-0.643042862	0.764256179	0	-0.0509406291	-0.765793204	-0.641066134	0	0.12558046	8.16407681	4.16768026	1
0.997495949	-0.00748235919	-0.0703252256	0	0.0666441768	-0.23333317	0.97010982	0	-0.0236679278	-0.972367823	-0.232250348	0	0.155270264	8.61040497	4.54131365	1
-0.154291943	-0.658864439	0.736268401	0	-0.752953529	0.560909569	0.344152927	0	-0.639730453	-0.501275837	-0.582638204	0	0	4.56682014	-0.31605801	1
-0.154292062	0.658864319	-0.736268401	0	0.75295341	0.560909748	0.344152838	0	0.639730453	-0.501275718	-0.582638144	0	2.27271197e-08	4.56682014	-0.31605801	1
-0.341178775	-0.420780361	-0.73525399	0	-0.83260572	0.0203548279	0.374714285	0	-0.20514068	1.06378126	-0.513602972	0	0.5475142	4.57756329	-0.273252875	1
-0.352380574	-0.420429319	-0.730052531	0	-0.827842116	0.0260610208	0.384630263	0	-0.20514062	1.0637809	-0.513602972	0	0.747936428	3.53824997	0.228536695	1
-0.42060867	0.277396739	-0.849523842	0	-0.888296127	-0.0269972365	0.430990219	0	0.101524033	0.983404934	0.270847529	0	0.948358536	2.49893737	0.730326176	1
-0.464711308	0.275689602	-0.826794684	0	-0.866039813	-0.0409012586	0.47313115	0	0.101524025	0.983404934	0.27084741	0	0.83445394	1.39560878	0.426449478	1
0.996940553	4.68898434e-05	-0.0736181363	0	-0.0272537358	-0.928394854	-0.369662404	0	-0.0684584752	0.371049702	-0.926831841	0	0.720549285	0.29227984	0.122572839	1
-1	5.77189257e-06	0	0	5.77189257e-06	1	0	0	0	0	-1	0	0.762687802	0.0638860911	0.693069458	1
-0.39727965	0.282825947	0.85331732	0	0.896635413	0.0575843379	0.398373038	0	0.0680874363	0.989580989	-0.29629004	0	-0.5475142	4.57756424	-0.273252904	1
-0.409011871	0.28201887	0.847924829	0	0.89125073	0.0613093525	0.409576386	0	0.0680874139	0.989580631	-0.296290278	0	-0.614035547	3.61074471	0.0162221491	1
-0.431410968	-0.0606106631	0.872567952	0	0.874514163	-0.0482802317	0.429019749	0	0.017822912	1.04801977	0.0816098675	0	-0.680556893	2.64392543	0.305697441	1
-0.471731484	-0.0582928918	0.851607382	0	0.853439987	-0.0510547869	0.469251722	0	0.0178228896	1.04801941	0.081610024	0	-0.700553298	1.46810198	0.214135438	1
0.996940792	-4.72498177e-05	0.0736182034	0	0.0272534657	-0.928394914	-0.369662881	0	0.0684585944	0.371049732	-0.926831126	0	-0.720549643	0.292279124	0.122573264	1
-0.99999994	0.000354327989	0	0	0.000354327989	0.99999994	0	0	0	0	-1	0	-0.76268822	0.0638855249	0.693068981	1
0.140597731	-0.900646508	0.411178261	0	0.456335604	0.427509695	0.780379832	0	-0.878629863	0.0779156238	0.471103817	0	0.439091623	6.98211908	3.01780009	1
-0.250992239	-0.00178504991	-1.00018501	0	-0.82901752	-0.576533496	0.20906733	0	-0.510290027	0.779695511	0.12666361	0	1.09741187	6.91127396	2.69712329	1
-0.228065386	0.0140955709	-1.00557518	0	-0.835625648	-0.576370299	0.181441456	0	-0.510278404	0.779677927	0.12666069	0	1.75680637	5.90375471	2.53344917	1
-0.201568395	0.0314732753	-1.00580108	0	-0.963065028	0.291390866	0.202121988	0	0.269926488	0.909897089	-0.0256225727	0	2.41618586	4.89625835	2.36977887	1
-0.458682686	0.11040581	-0.911414742	0	-0.870479226	0.271495253	0.470969528	0	0.269926399	0.909897029	-0.02562242	0	2.00071764	3.49575377	2.40921688	1
-0.693314373	-0.503710866	-0.515354335	0	-0.679635346	0.219265833	0.700012803	0	-0.239604473	0.835582018	-0.494360149	0	1.5852493	2.09524822	2.44865465	1
0.0140156085	0.907893896	-0.418964505	0	-0.4136962	0.386726677	0.824194908	0	0.910307169	0.161772579	0.381012291	0	-0.340150893	6.94559145	3.05704284	1
-0.198278964	-0.0422459356	1.01103973	0	0.872534156	-0.528941751	0.14901422	0	0.467435241	0.806392133	0.125365362	0	-1.0178045	6.81212234	2.8036468	1
-0.168486655	-0.0602140464	1.015535	0	0.878783703	-0.527204573	0.114538819	0	0.467424452	0.806373596	0.125362292	0	-1.62182236	5.77010584	2.6416502	1
-0.134709015	-0.0795945078	1.01425612	0	0.95425868	0.344865531	0.15380384	0	-0.326375663	0.891236484	0.0265926756	0	-2.22582626	4.72811317	2.47965765	1
-0.300141335	-0.13890107	0.971503198	0	0.915789783	0.32553646	0.32947275	0	-0.326375842	0.891236961	0.0265926886	0	-1.72347188	3.35633039	2.43872643	1
-0.463727891	0.47406143	0.748479843	0	0.824548423	-0.0781678334	0.560365677	0	0.324154794	0.877015173	-0.354638189	0	-1.22111714	1.98454654	2.3977952	1
1	0	0	0	0	1	0	0	0	0	1	0	0	0	0	1
0.999999821	1.35820699e-07	-1.95949383e-07	0	2.38418579e-07	-0.56967324	0.821871042	0	0	-0.821871459	-0.569673538	0	0	4.50589943	-0.247371763	1
1.00000012	1.19362952e-07	-2.06391761e-07	0	2.38418721e-07	-0.505227029	0.862986565	0	0	-0.862986326	-0.505226851	0	0	5.13912344	0.191542298	1
0.99965322	0.0050040572	-0.0258536078	0	0.022317728	-0.682107806	0.730910957	0	-0.0139774205	-0.731234133	-0.681982636	0	0	6.46172285	0.965845108	1
0.998834372	0.0212998632	-0.0433094762	0	0.0453875139	-0.719686806	0.692813933	0	-0.0164124314	-0.693972647	-0.719815314	0	0.012596149	7.12069511	1.58043301	1
0.998876572	-0.00804147497	-0.0466904603	0	0.0343764052	-0.555139959	0.831046522	0	-0.0326026231	-0.831719041	-0.554240525	0	0.0290682688	7.8171916	2.30286622	1
0.998495042	-0.0317409001	-0.0447272211	0	0.0293585956	-0.379507691	0.924723327	0	-0.0463258214	-0.924643815	-0.378004253	0	0.0474427678	8.28594017	2.61523032	1
0.998921871	-0.000185693745	-0.0464200564	0	0.0376069248	-0.58299917	0.811602056	0	-0.0272135753	-0.812473059	-0.582363844	0	0.0724276602	8.78462791	2.81909919	1
0.998739958	-0.0194250792	-0.0462720022	0	0.0320585594	-0.462421715	0.886080742	0	-0.0386093631	-0.88644743	-0.461216211	0	0.086948663	9.21815872	3.12984514	1
0.998739958	-0.0194251388	-0.0462720096	0	0.042673368	-0.156485364	0.98675853	0	-0.0264088064	-0.987489462	-0.155459195	0	0.109451413	9.73480797	3.39865637	1
-0.154291943	-0.465933442	0.871263385	0	-0.752953529	0.626415789	0.201653674	0	-0.639730453	-0.624907255	-0.447477162	0	0	4.50589943	-0.247371748	1
-0.154292062	0.465933353	-0.871263444	0	0.75295341	0.626415968	0.20165357	0	0.639730453	-0.624907196	-0.447477102	0	2.27271197e-08	4.50589943	-0.247371748	1
-0.378247201	-0.342204422	-0.796451986	0	-0.854517579	0.00112566911	0.405350357	0	-0.172238097	1.04218686	-0.365988672	0	0.54751426	4.52646685	-0.208324492	1
-0.388959855	-0.342163444	-0.79129374	0	-0.849697113	0.00542568229	0.415326655	0	-0.172238097	1.04218662	-0.365988523	0	0.715790689	3.50825143	0.149246037	1
-0.442604363	0.186567709	-0.878819585	0	-0.895417511	-0.0117822988	0.448462516	0	0.0728718415	0.979457378	0.171231642	0	0.884067059	2.49003649	0.506816387	1
-0.474265784	0.186028719	-0.862262189	0	-0.879058361	-0.0184304304	0.479528069	0	0.0728718117	0.979457378	0.171231672	0	0.802308679	1.39113677	0.314703494	1
0.996966362	4.72094507e-05	-0.0736208409	0	-0.027250642	-0.928439498	-0.369620502	0	-0.068457298	0.370978832	-0.926804245	0	0.720550299	0.292236805	0.122590497	1
-1	5.77189257e-06	0	0	5.77189257e-06	1	0	0	0	0	-1	0	0.7626881	0.0638866723	0.693070114	1
-0.418120086	0.221325383	0.873485327	0	0.898102582	0.0240832996	0.423813522	0	0.0747261122	0.987612665	-0.214473292	0	-0.5475142	4.52646732	-0.208324477	1
-0.428318739	0.22103779	0.86860311	0	0.89328593	0.026600847	0.4337264	0	0.0747261718	0.987612367	-0.214474291	0	-0.620521545	3.56157088	0.00121569633	1
-0.444423795	-0.0284625534	0.880128324	0	0.880512536	-0.0273019746	0.443735003	0	0.0120421154	1.02698183	0.0392923579	0	-0.69352895	2.59667468	0.210756853	1
-0.473730773	-0.0275297966	0.864737034	0	0.865097821	-0.0282419845	0.473029345	0	0.012042189	1.02698159	0.0392921232	0	-0.707039595	1.44445467	0.166672885	1
0.996966481	-4.74979606e-05	0.0736207291	0	0.0272503681	-0.928439498	-0.369620889	0	0.0684572533	0.370978922	-0.926803827	0	-0.720550299	0.292235136	0.122589186	1
-0.99999994	0.000354327989	0	0	0.000354327989	0.99999994	0	0	0	0	-1	0	-0.762688041	0.0638851225	0.693068087	1
0.122819535	-0.708552599	0.694887996	0	0.448321134	0.664285481	0.59810853	0	-0.885394335	0.238073751	0.399246395	0	0.420322329	7.78781033	2.29432416	1
-0.644278109	-0.109897718	-0.796852231	0	-0.636819363	-0.554051399	0.591298342	0	-0.448945761	0.787492037	0.254378825	0	1.08301973	7.60866213	2.02979398	1
-0.588021159	-0.0625673905	-0.844088733	0	-0.689117014	-0.561375976	0.521674216	0	-0.448935568	0.787473917	0.254373014	0	1.66314554	6.59106827	1.70108676	1
-0.518942297	-0.0100479946	-0.884761751	0	-0.853641212	0.275565714	0.497559667	0	0.215701103	0.91540122	-0.136911854	0	2.243258	5.57349777	1.37238705	1
-0.710434616	0.0570664629	-0.737720668	0	-0.702344358	0.269779325	0.697235346	0	0.215701059	0.91540122	-0.136911973	0	1.91125298	4.16452122	1.58312047	1
-0.867561877	-0.188442722	-0.460244924	0	-0.494764149	0.233168215	0.837162435	0	-0.0504427254	0.954002976	-0.29552266	0	1.57924783	2.75554371	1.79385412	1
0.0319786519	0.711853504	-0.701599896	0	-0.422750711	0.645710289	0.635878086	0	0.905681312	0.276267558	0.321585506	0	-0.359851807	7.77117348	2.32815242	1
-0.604797482	0.0477191061	0.830714762	0	0.712189555	-0.50138396	0.547306538	0	0.395316809	0.824025452	0.240473494	0	-1.03472531	7.56350136	2.12161875	1
-0.543714046	0.00601165928	0.873216927	0	0.759860992	-0.503619373	0.476599216	0	0.395307541	0.824006438	0.240467906	0	-1.54555202	6.49869919	1.81087995	1
-0.471675694	-0.0387551598	0.908196092	0	0.876276016	0.252769172	0.465884238	0	-0.225112349	0.923267126	-0.0775148198	0	-2.05636668	5.43392181	1.50014842	1
-0.616724372	-0.0820751712	0.813457727	0	0.781016946	0.242193669	0.616565824	0	-0.225112408	0.923267543	-0.0775147602	0	-1.70987582	4.01283741	1.61945856	1
-0.732980132	0.166458309	0.659569204	0	0.649062634	-0.119079426	0.751357079	0	0.203610823	0.978831708	-0.0207590498	0	-1.36338484	2.59175253	1.73876858	1
1	0	0	0	0	1	0	0	0	0	1	0	0	0	0	1
1	9.11483156e-08	-2.20307641e-07	0	2.38418636e-07	-0.382303774	0.92403686	0	0	-0.924036801	-0.382303715	0	0	4.46654224	-0.175190657	1
1.00000024	7.40528634e-08	-2.26626753e-07	0	2.3841875e-07	-0.310600221	0.950541079	0	0	-0.950540185	-0.310599923	0	0	5.1784811	0.119361341	1
0.999875665	-0.000496436842	-0.0157673918	0	0.0140607525	-0.42510429	0.905035138	0	-0.00715207634	-0.905143917	-0.425044298	0	0	6.6352644	0.595381975	1
0.999564528	0.00569617655	-0.028949447	0	0.0282040797	-0.472562641	0.880845487	0	-0.00866298378	-0.881278992	-0.472517878	0	0.00644529564	7.45096016	0.978422642	1
0.999584258	-0.0121599808	-0.0261680186	0	0.0201726295	-0.353953212	0.935046196	0	-0.0206323564	-0.935183525	-0.35356006	0	0.0151397847	8.33544445	1.45265901	1
0.999411225	-0.0261788033	-0.0222126897	0	0.0156486593	-0.228530049	0.973411739	0	-0.0305589586	-0.973184288	-0.227985397	0	0.0267679654	8.86250401	1.65192175	1
0.999603927	-0.00748788845	-0.0271327384	0	0.0225405935	-0.364369988	0.930981517	0	-0.0168574378	-0.931224287	-0.364056796	0	0.0432493165	9.38737106	1.77488101	1
0.999521613	-0.0189710241	-0.0244495906	0	0.0181052033	-0.282258362	0.959168136	0	-0.0250974651	-0.959150493	-0.281779438	0	0.0522443466	9.88426685	1.96913958	1
0.999521375	-0.0189709459	-0.024449585	0	0.0226628501	-0.0892752111	0.995749295	0	-0.0210730378	-0.995826304	-0.0888025016	0	0.0668719411	10.4432898	2.13336945	1
-0.154291943	-0.270445228	0.950291336	0	-0.752953529	0.654940724	0.0641391799	0	-0.639730453	-0.705628991	-0.304684758	0	0	4.46654224	-0.175190642	1
-0.154292062	0.270445108	-0.950291336	0	0.75295341	0.654940784	0.0641390607	0	0.639730453	-0.705628872	-0.304684728	0	2.27271197e-08	4.46654224	-0.175190642	1
-0.411849231	-0.245592818	-0.845541537	0	-0.869923949	-0.0306275841	0.432632118	0	-0.148017019	1.02346039	-0.225173816	0	0.5475142	4.49492741	-0.141397029	1
-0.421415865	-0.245915949	-0.840719998	0	-0.86533165	-0.0279189423	0.441924423	0	-0.148017123	1.02346027	-0.225174204	0	0.692126632	3.49500775	0.0785975456	1
-0.456673622	0.0953838006	-0.892389834	0	-0.895914197	0.010537467	0.459603578	0	0.0517813377	0.981696546	0.0784307197	0	0.836739182	2.49508834	0.298592448	1
-0.474894613	0.0955792442	-0.882807195	0	-0.886390686	0.00858517084	0.477751791	0	0.051781252	0.981696427	0.0784306675	0	0.77864325	1.3936764	0.210597306	1
0.9969666	4.9361206e-05	-0.0736262724	0	-0.0272540338	-0.928421795	-0.369666427	0	-0.068461664	0.371024132	-0.926784396	0	0.720547378	0.292264342	0.122602195	1
-1	5.77189257e-06	0	0	5.77189257e-06	1	0	0	0	0	-1	0	0.762687862	0.0638863295	0.693069577	1
-0.436139435	0.157883212	0.885282338	0	0.894944489	-0.0199138261	0.444463104	0	0.0880014822	0.988359809	-0.132911846	0	-0.5475142	4.49492693	-0.141396925	1
-0.444397181	0.158060595	0.881133676	0	0.890874803	-0.0184536725	0.452626348	0	0.0880014524	0.988359571	-0.132911831	0	-0.633491576	3.52930045	-0.011542201	1
-0.454678565	0.00188521435	0.883826256	0	0.883828044	0.000439009047	0.454678804	0	0.000480736286	1.01226175	-0.00191187731	0	-0.719468892	2.56367421	0.118312508	1
-0.471645951	0.00187645003	0.874889433	0	0.874891281	0.000475336652	0.471645892	0	0.000480730465	1.01226151	-0.00191192573	0	-0.720008254	1.42796946	0.120457537	1
0.996966183	-4.96810717e-05	0.0736261979	0	0.0272539165	-0.928420424	-0.369668871	0	0.0684616938	0.371026903	-0.926783919	0	-0.720547616	0.292265058	0.122602619	1
-0.99999994	0.000354327989	0	0	0.000354327989	0.99999994	0	0	0	0	-1	0	-0.7626881	0.06388551	0.693069339	1
0.105664	-0.461429209	0.880862415	0	0.442418724	0.815134227	0.373927742	0	-0.890562177	0.350199163	0.290275127	0	0.40626812	8.30435276	1.4609015	1
-0.869500697	-0.240952805	-0.503453553	0	-0.315688729	-0.556276083	0.811450958	0	-0.417295367	0.758543253	0.357660592	0	1.07222617	8.05184555	1.27656841	1
-0.816682041	-0.160611019	-0.612220705	0	-0.434443235	-0.584563255	0.732888043	0	-0.41728586	0.75852567	0.357652485	0	1.61145341	7.07165909	0.814400911	1
-0.733774066	-0.0655676126	-0.717062771	0	-0.690651298	0.353661716	0.674408376	0	0.187439829	0.88636142	-0.272856265	0	2.15066838	6.09149551	0.35224396	1
-0.868781924	0.014576938	-0.549461305	0	-0.510530412	0.359392881	0.81676054	0	0.187439963	0.886361718	-0.272856325	0	1.86216283	4.72721672	0.772221684	1
-0.933267355	0.0973763466	-0.345730424	0	-0.324676901	0.182945997	0.927963197	0	0.153611571	0.978288531	-0.139121816	0	1.57365692	3.3629365	1.19219971	1
0.049247358	0.462311894	-0.885348737	0	-0.429290086	0.810166776	0.399174064	0	0.901823044	0.360413104	0.238364309	0	-0.374476492	8.29990387	1.48351336	1
-0.854578674	0.176075846	0.547598898	0	0.406805128	-0.508323133	0.798303962	0	0.372013599	0.803650677	0.322154462	0	-1.04706776	8.03977013	1.33794713	1
-0.795259953	0.109330438	0.645603061	0	0.513202071	-0.526733398	0.721367538	0	0.372004867	0.803632498	0.322146982	0	-1.5277822	7.00129604	0.921660423	1
-0.712138891	0.034246359	0.736925364	0	0.715391338	0.282153755	0.678216934	0	-0.167090669	0.913865447	-0.203939691	0	-2.00848532	5.9628458	0.505383492	1
-0.817626894	-0.0114355776	0.61864996	0	0.591955483	0.283994049	0.787596583	0	-0.167090714	0.913865924	-0.203939721	0	-1.75130093	4.55623245	0.819285572	1
-0.878894806	-0.0921279714	0.468034089	0	0.47650674	-0.214847356	0.852514982	0	0.0220154822	0.972292542	0.232727885	0	-1.49411643	3.14961839	1.13318777	1
1	0	0	0	0	1	0	0	0	0	1	0	0	0	0	1
0.999999881	5.28558743e-08	-2.32485888e-07	0	2.38418608e-07	-0.221693665	0.975116253	0	0	-0.975116551	-0.221693739	0	0	4.44686413	-0.113318354	1
1	3.49420048e-08	-2.35844254e-07	0	2.38418693e-07	-0.14655745	0.989202082	0	0	-0.989201903	-0.14655742	0	0	5.19815826	0.0574891269	1
0.999971986	-0.00152336294	-0.00728953071	0	0.00686926162	-0.189337939	0.9818874	0	-0.00287595904	-0.981911123	-0.189322397	0	0	6.71419382	0.282100737	1
0.999900341	-0.000203566146	-0.0141334366	0	0.0136668654	-0.241252467	0.970366538	0	-0.00360725936	-0.970462739	-0.241225585	0	0.00259175175	7.59907055	0.452713966	1
0.999905586	-0.00829034578	-0.0110110622	0	0.00932411943	-0.181477562	0.983351588	0	-0.010150576	-0.983360469	-0.181382924	0	0.00621213019	8.5730629	0.694816828	1
0.999860227	-0.0146613456	-0.00811882969	0	0.00650645792	-0.106854491	0.994253993	0	-0.0154446149	-0.994166493	-0.106744014	0	0.011932889	9.12727451	0.79704237	1
0.999909818	-0.00619205786	-0.011878537	0	0.0106171947	-0.174353972	0.984625101	0	-0.00816795044	-0.984665394	-0.174273014	0	0.0202626288	9.66345787	0.854612589	1
0.999888361	-0.0114036081	-0.00964732189	0	0.00804363843	-0.133145213	0.991063476	0	-0.0125862109	-0.991031766	-0.133038789	0	0.0246209987	10.1888695	0.947603643	1
0.999888539	-0.0114035932	-0.00964760315	0	0.00918800849	-0.0396825001	0.999169767	0	-0.0117769735	-0.999147594	-0.0395733193	0	0.0319566391	10.7664738	1.02514279	1
-0.154291943	-0.107014813	0.982212603	0	-0.752953529	0.656410217	-0.0467607863	0	-0.639730453	-0.746775329	-0.181855962	0	0	4.44686413	-0.113318346	1
-0.154292062	0.107014686	-0.982212663	0	0.75295341	0.656410396	-0.0467609316	0	0.639730453	-0.74677515	-0.181855932	0	2.27271197e-08	4.44686413	-0.113318346	1
-0.441951305	-0.150096387	-0.871967018	0	-0.876460791	-0.0591346547	0.45441857	0	-0.125173882	1.00861859	-0.110175289	0	0.5475142	4.48052073	-0.0847715065	1
-0.447626531	-0.150476709	-0.869001508	0	-0.873577833	-0.0581605211	0.460060477	0	-0.125173777	1.00861824	-0.110175245	0	0.669808924	3.49510145	0.0228696316	1
-0.465057582	0.0181828123	-0.891520679	0	-0.891115725	0.0270999502	0.465399295	0	0.0318900235	0.988189995	0.00351910945	0	0.792103529	2.50968266	0.130510703	1
-0.472602457	0.018412061	-0.887539208	0	-0.887137353	0.0269446708	0.472947806	0	0.03188999	0.988190055	0.0035190871	0	0.756324589	1.40098548	0.126562446	1
0.996967673	5.10455138e-05	-0.0736305937	0	-0.0272569712	-0.928407431	-0.369706124	0	-0.0684648529	0.371062428	-0.92676574	0	0.720545709	0.292287827	0.122614212	1
-1	5.77189257e-06	0	0	5.77189257e-06	1	0	0	0	0	-1	0	0.76268816	0.0638862401	0.693070173	1
